initializing
finding best expr in initial population
best in initial population: 
(d + t_ready)
fitness 187104
iteration 0: best sol so far: 187104
iteration 500: best sol so far: 131362
iteration 1000: best sol so far: 122967
iteration 1500: best sol so far: 120527
iteration 2000: best sol so far: 120094
iteration 2500: best sol so far: 118992
iteration 3000: best sol so far: 118557
iteration 3500: best sol so far: 118179
iteration 4000: best sol so far: 118179
iteration 4500: best sol so far: 118178
iteration 5000: best sol so far: 117104
iteration 5500: best sol so far: 117104
best after gp: 
(((((q / t_rem) + (q min t_ready)) min ((d_depot - next_veh) max (dt min wt))) + t_rem) + ((d + q) - (((slack_t max q) - (d_depot * wt)) / ((q max next_veh) * (d / t_rem)))))
best fitness: 117104
/c1/c101.txt
Printing routes for 11 vehicles
1. route: 0, 20, 65, 63, 62, 74, 72, 61, 64, 68, 66, 
2. route: 0, 5, 3, 7, 8, 10, 11, 9, 6, 4, 2, 1, 
3. route: 0, 67, 42, 41, 40, 44, 46, 45, 48, 51, 50, 52, 
4. route: 0, 43, 55, 54, 53, 56, 58, 60, 59, 
5. route: 0, 90, 87, 86, 83, 82, 84, 85, 88, 89, 91, 49, 
6. route: 0, 98, 96, 95, 94, 92, 93, 97, 100, 99, 
7. route: 0, 57, 
8. route: 0, 13, 17, 18, 19, 15, 16, 14, 12, 
9. route: 0, 32, 33, 31, 35, 37, 38, 39, 36, 34, 
10. route: 0, 81, 78, 76, 71, 70, 73, 77, 79, 80, 69, 47, 
11. route: 0, 24, 25, 27, 29, 30, 28, 26, 23, 22, 21, 75, 
Total distance: 1009.08
-----------------------------------------
/c1/c102.txt
Printing routes for 15 vehicles
1. route: 0, 20, 21, 76, 44, 9, 88, 80, 
2. route: 0, 67, 78, 40, 70, 61, 4, 47, 
3. route: 0, 43, 63, 53, 30, 14, 
4. route: 0, 90, 91, 27, 15, 16, 12, 51, 49, 
5. route: 0, 57, 59, 8, 7, 3, 5, 75, 2, 
6. route: 0, 13, 25, 35, 
7. route: 0, 32, 31, 62, 72, 58, 60, 79, 69, 
8. route: 0, 81, 86, 83, 82, 73, 64, 99, 
9. route: 0, 24, 26, 19, 92, 94, 6, 1, 
10. route: 0, 65, 41, 10, 93, 95, 96, 98, 
11. route: 0, 42, 48, 50, 52, 46, 28, 100, 22, 
12. route: 0, 87, 85, 71, 11, 97, 23, 
13. route: 0, 33, 34, 37, 56, 45, 36, 66, 
14. route: 0, 17, 18, 74, 84, 77, 89, 
15. route: 0, 55, 54, 29, 38, 39, 68, 
Total distance: 2978.5
-----------------------------------------
/c1/c103.txt
Printing routes for 15 vehicles
1. route: 0, 67, 8, 7, 3, 5, 75, 1, 69, 
2. route: 0, 13, 18, 62, 92, 94, 95, 98, 66, 
3. route: 0, 65, 27, 15, 16, 14, 12, 
4. route: 0, 42, 43, 47, 46, 48, 51, 6, 23, 
5. route: 0, 87, 86, 89, 91, 90, 45, 
6. route: 0, 33, 32, 31, 70, 73, 88, 80, 
7. route: 0, 17, 19, 
8. route: 0, 55, 57, 59, 54, 58, 39, 34, 2, 
9. route: 0, 78, 81, 10, 93, 97, 96, 22, 
10. route: 0, 20, 24, 29, 74, 84, 85, 83, 82, 
11. route: 0, 21, 26, 28, 53, 30, 64, 68, 
12. route: 0, 25, 35, 37, 38, 
13. route: 0, 41, 40, 56, 60, 77, 79, 49, 
14. route: 0, 76, 71, 11, 9, 100, 4, 
15. route: 0, 63, 61, 72, 44, 50, 52, 36, 99, 
Total distance: 2341.23
-----------------------------------------
/c1/c104.txt
Printing routes for 12 vehicles
1. route: 0, 67, 66, 64, 68, 84, 77, 73, 70, 47, 
2. route: 0, 13, 17, 18, 19, 16, 12, 2, 98, 69, 
3. route: 0, 87, 86, 89, 88, 85, 83, 82, 90, 40, 
4. route: 0, 55, 57, 59, 54, 38, 37, 39, 36, 
5. route: 0, 20, 26, 30, 92, 93, 94, 95, 96, 71, 
6. route: 0, 21, 27, 62, 11, 10, 75, 91, 41, 35, 
7. route: 0, 25, 44, 45, 46, 48, 50, 51, 49, 
8. route: 0, 22, 28, 53, 56, 60, 100, 97, 43, 
9. route: 0, 65, 8, 6, 7, 3, 5, 4, 34, 32, 
10. route: 0, 76, 78, 81, 9, 1, 99, 33, 
11. route: 0, 63, 61, 72, 15, 14, 23, 52, 31, 
12. route: 0, 24, 29, 74, 58, 79, 80, 42, 
Total distance: 2119.88
-----------------------------------------
/c2/c201.txt
Printing routes for 4 vehicles
1. route: 0, 93, 5, 75, 1, 64, 32, 33, 65, 37, 3, 36, 58, 88, 57, 83, 46, 76, 50, 13, 25, 42, 10, 77, 90, 
2. route: 0, 20, 63, 2, 29, 6, 97, 68, 35, 55, 54, 53, 56, 91, 59, 86, 44, 85, 51, 17, 73, 43, 41, 8, 87, 
3. route: 0, 67, 62, 74, 72, 99, 66, 69, 31, 49, 38, 4, 89, 60, 84, 40, 82, 45, 15, 70, 80, 79, 81, 78, 21, 
4. route: 0, 22, 24, 27, 30, 61, 100, 92, 94, 95, 98, 7, 39, 34, 28, 26, 23, 18, 19, 16, 14, 12, 71, 52, 47, 9, 11, 48, 96, 
Total distance: 3245.23
-----------------------------------------
/c2/c202.txt
Printing routes for 5 vehicles
1. route: 0, 93, 24, 61, 32, 68, 49, 54, 59, 28, 23, 40, 14, 12, 70, 25, 42, 78, 96, 48, 
2. route: 0, 20, 62, 29, 100, 33, 34, 55, 36, 89, 60, 86, 44, 76, 17, 47, 9, 41, 77, 1, 
3. route: 0, 67, 27, 99, 66, 92, 94, 95, 39, 56, 88, 18, 16, 51, 50, 52, 80, 11, 8, 75, 90, 
4. route: 0, 22, 21, 30, 64, 97, 65, 38, 37, 53, 58, 84, 83, 82, 46, 15, 73, 43, 81, 85, 91, 26, 
5. route: 0, 63, 74, 72, 6, 69, 35, 31, 4, 3, 7, 98, 57, 19, 45, 71, 13, 79, 10, 5, 2, 87, 
Total distance: 3762.24
-----------------------------------------
/c2/c203.txt
Printing routes for 5 vehicles
1. route: 0, 93, 74, 72, 66, 68, 49, 39, 56, 60, 84, 83, 82, 15, 16, 14, 12, 42, 43, 47, 52, 48, 
2. route: 0, 67, 63, 30, 100, 97, 95, 94, 38, 36, 34, 58, 40, 76, 71, 13, 79, 10, 5, 75, 2, 
3. route: 0, 22, 20, 24, 99, 69, 35, 37, 53, 88, 91, 90, 86, 89, 17, 18, 80, 41, 77, 85, 87, 
4. route: 0, 62, 61, 6, 92, 65, 55, 57, 59, 54, 23, 26, 45, 50, 51, 25, 11, 8, 21, 19, 
5. route: 0, 27, 29, 64, 33, 32, 31, 4, 3, 7, 98, 1, 44, 46, 70, 73, 9, 78, 81, 96, 28, 
Total distance: 2598.61
-----------------------------------------
/c2/c204.txt
Printing routes for 5 vehicles
1. route: 0, 67, 63, 66, 64, 68, 65, 49, 38, 37, 39, 36, 34, 33, 32, 31, 35, 15, 19, 18, 17, 11, 77, 85, 
2. route: 0, 62, 61, 100, 97, 95, 94, 4, 23, 26, 76, 71, 70, 73, 9, 10, 12, 14, 87, 
3. route: 0, 74, 72, 92, 53, 56, 60, 54, 46, 45, 42, 41, 43, 47, 48, 20, 22, 24, 27, 29, 8, 16, 
4. route: 0, 99, 1, 98, 7, 3, 89, 91, 90, 58, 59, 44, 51, 50, 52, 25, 30, 21, 6, 28, 
5. route: 0, 93, 5, 75, 2, 69, 55, 57, 40, 84, 83, 82, 86, 88, 13, 79, 80, 81, 78, 96, 
Total distance: 1734.95
-----------------------------------------
/r1/r101.txt
Printing routes for 27 vehicles
1. route: 0, 59, 12, 22, 24, 
2. route: 0, 92, 23, 67, 26, 70, 
3. route: 0, 42, 75, 41, 37, 80, 
4. route: 0, 14, 73, 57, 4, 
5. route: 0, 45, 11, 90, 
6. route: 0, 63, 30, 9, 54, 58, 
7. route: 0, 5, 44, 86, 43, 
8. route: 0, 72, 76, 78, 32, 
9. route: 0, 27, 88, 6, 
10. route: 0, 33, 71, 3, 35, 
11. route: 0, 28, 19, 20, 48, 
12. route: 0, 95, 16, 94, 
13. route: 0, 36, 64, 49, 17, 
14. route: 0, 39, 40, 
15. route: 0, 83, 61, 84, 74, 
16. route: 0, 65, 51, 34, 1, 
17. route: 0, 47, 85, 
18. route: 0, 2, 99, 50, 13, 
19. route: 0, 31, 7, 46, 91, 
20. route: 0, 69, 18, 10, 60, 
21. route: 0, 52, 79, 66, 89, 
22. route: 0, 82, 87, 56, 25, 
23. route: 0, 62, 8, 96, 100, 
24. route: 0, 98, 38, 97, 77, 
25. route: 0, 15, 53, 68, 
26. route: 0, 29, 81, 55, 93, 
27. route: 0, 21, 
Total distance: 2994.78
-----------------------------------------
/r1/r102.txt
Printing routes for 23 vehicles
1. route: 0, 92, 59, 88, 6, 94, 74, 100, 
2. route: 0, 42, 61, 84, 5, 
3. route: 0, 14, 73, 22, 75, 72, 21, 26, 
4. route: 0, 45, 19, 
5. route: 0, 63, 71, 78, 4, 80, 
6. route: 0, 27, 99, 46, 60, 
7. route: 0, 33, 40, 10, 31, 93, 
8. route: 0, 28, 67, 56, 89, 
9. route: 0, 36, 18, 20, 1, 
10. route: 0, 39, 87, 43, 37, 
11. route: 0, 65, 79, 3, 35, 77, 
12. route: 0, 47, 86, 91, 85, 98, 52, 
13. route: 0, 69, 51, 66, 50, 
14. route: 0, 62, 8, 82, 48, 7, 83, 
15. route: 0, 15, 
16. route: 0, 29, 81, 55, 12, 
17. route: 0, 11, 90, 68, 70, 
18. route: 0, 23, 41, 54, 25, 
19. route: 0, 44, 38, 97, 95, 96, 
20. route: 0, 64, 49, 17, 58, 
21. route: 0, 30, 9, 34, 24, 
22. route: 0, 76, 53, 32, 
23. route: 0, 16, 57, 2, 13, 
Total distance: 2566.8
-----------------------------------------
/r1/r103.txt
Printing routes for 19 vehicles
1. route: 0, 92, 59, 40, 55, 12, 89, 
2. route: 0, 42, 67, 56, 54, 52, 
3. route: 0, 45, 99, 96, 94, 4, 26, 
4. route: 0, 27, 79, 3, 35, 77, 
5. route: 0, 33, 81, 6, 95, 74, 80, 
6. route: 0, 36, 53, 68, 25, 
7. route: 0, 39, 87, 97, 37, 98, 85, 91, 93, 
8. route: 0, 65, 78, 34, 29, 24, 50, 
9. route: 0, 69, 8, 46, 47, 48, 83, 
10. route: 0, 62, 9, 71, 20, 1, 58, 
11. route: 0, 15, 22, 75, 73, 2, 16, 
12. route: 0, 11, 
13. route: 0, 23, 41, 72, 21, 57, 100, 
14. route: 0, 44, 84, 5, 60, 17, 86, 
15. route: 0, 64, 10, 63, 82, 
16. route: 0, 30, 49, 19, 7, 18, 
17. route: 0, 76, 66, 51, 70, 
18. route: 0, 88, 31, 90, 32, 
19. route: 0, 28, 38, 14, 43, 13, 61, 
Total distance: 2223.98
-----------------------------------------
/r1/r104.txt
Printing routes for 16 vehicles
1. route: 0, 92, 59, 93, 85, 91, 16, 61, 17, 47, 31, 
2. route: 0, 69, 8, 45, 46, 82, 70, 
3. route: 0, 62, 10, 90, 63, 64, 32, 
4. route: 0, 15, 43, 55, 54, 68, 
5. route: 0, 11, 19, 49, 36, 48, 88, 
6. route: 0, 23, 56, 75, 22, 41, 25, 
7. route: 0, 44, 14, 42, 37, 18, 100, 
8. route: 0, 76, 50, 33, 81, 34, 29, 58, 
9. route: 0, 27, 99, 96, 98, 60, 52, 1, 
10. route: 0, 28, 53, 4, 77, 
11. route: 0, 67, 39, 74, 80, 
12. route: 0, 38, 86, 13, 
13. route: 0, 89, 79, 3, 78, 35, 20, 
14. route: 0, 6, 94, 95, 97, 84, 5, 83, 7, 30, 
15. route: 0, 26, 12, 87, 57, 2, 72, 24, 
16. route: 0, 40, 21, 73, 9, 71, 65, 66, 51, 
Total distance: 1780.59
-----------------------------------------
/r1/r105.txt
Printing routes for 22 vehicles
1. route: 0, 59, 21, 67, 56, 25, 
2. route: 0, 92, 15, 40, 3, 60, 
3. route: 0, 5, 98, 38, 46, 
4. route: 0, 72, 12, 79, 34, 35, 
5. route: 0, 42, 75, 87, 55, 
6. route: 0, 27, 62, 90, 20, 1, 
7. route: 0, 33, 29, 51, 50, 24, 
8. route: 0, 28, 30, 81, 66, 48, 
9. route: 0, 45, 11, 49, 
10. route: 0, 95, 44, 85, 26, 17, 
11. route: 0, 14, 61, 86, 97, 80, 
12. route: 0, 39, 23, 41, 37, 70, 
13. route: 0, 63, 64, 8, 13, 
14. route: 0, 83, 88, 53, 32, 
15. route: 0, 36, 16, 96, 100, 
16. route: 0, 47, 7, 6, 74, 
17. route: 0, 2, 73, 22, 43, 89, 
18. route: 0, 31, 76, 78, 68, 58, 
19. route: 0, 69, 19, 84, 91, 
20. route: 0, 52, 99, 94, 54, 93, 
21. route: 0, 82, 18, 57, 4, 
22. route: 0, 65, 71, 9, 10, 77, 
Total distance: 2731.47
-----------------------------------------
/r1/r106.txt
Printing routes for 18 vehicles
1. route: 0, 92, 76, 53, 10, 31, 1, 
2. route: 0, 42, 44, 87, 56, 4, 25, 
3. route: 0, 27, 30, 81, 66, 32, 70, 
4. route: 0, 33, 88, 6, 94, 95, 96, 89, 
5. route: 0, 28, 73, 41, 55, 24, 80, 
6. route: 0, 45, 19, 84, 5, 83, 60, 58, 
7. route: 0, 14, 61, 86, 46, 17, 
8. route: 0, 39, 40, 22, 75, 54, 12, 
9. route: 0, 63, 64, 8, 82, 7, 52, 50, 
10. route: 0, 36, 18, 57, 74, 72, 26, 
11. route: 0, 47, 16, 43, 13, 21, 
12. route: 0, 69, 71, 9, 20, 68, 77, 
13. route: 0, 65, 51, 
14. route: 0, 62, 99, 59, 98, 37, 91, 100, 
15. route: 0, 15, 38, 97, 85, 2, 
16. route: 0, 29, 79, 78, 34, 35, 3, 
17. route: 0, 11, 90, 49, 48, 93, 
18. route: 0, 23, 67, 
Total distance: 2171.06
-----------------------------------------
/r2/r201.txt
Printing routes for 5 vehicles
1. route: 0, 92, 59, 33, 27, 69, 98, 44, 16, 38, 99, 85, 87, 94, 22, 3, 10, 66, 37, 13, 60, 17, 48, 77, 
2. route: 0, 42, 5, 14, 2, 15, 23, 75, 76, 67, 79, 78, 53, 41, 34, 20, 96, 55, 32, 89, 93, 80, 
3. route: 0, 45, 36, 47, 83, 82, 29, 30, 88, 7, 18, 86, 84, 6, 57, 46, 26, 56, 54, 4, 74, 24, 91, 100, 58, 
4. route: 0, 63, 65, 28, 52, 21, 12, 71, 73, 51, 9, 8, 49, 50, 97, 43, 68, 35, 1, 70, 25, 
5. route: 0, 72, 39, 95, 31, 62, 11, 64, 19, 61, 40, 81, 90, 
Total distance: 2662.38
-----------------------------------------
/r2/r202.txt
Printing routes for 5 vehicles
1. route: 0, 92, 33, 69, 23, 16, 38, 40, 79, 78, 22, 10, 43, 13, 17, 5, 85, 91, 100, 37, 25, 
2. route: 0, 42, 14, 39, 15, 44, 76, 99, 51, 81, 9, 84, 56, 55, 74, 72, 21, 75, 2, 95, 59, 98, 52, 58, 
3. route: 0, 45, 36, 28, 11, 71, 61, 86, 53, 41, 46, 66, 68, 35, 34, 89, 94, 96, 93, 26, 
4. route: 0, 63, 47, 62, 64, 19, 73, 18, 8, 90, 49, 97, 32, 24, 3, 50, 1, 70, 77, 12, 
5. route: 0, 65, 27, 29, 30, 88, 67, 87, 6, 57, 20, 54, 4, 60, 83, 82, 48, 7, 31, 80, 
Total distance: 2687.75
-----------------------------------------
/r2/r203.txt
Printing routes for 5 vehicles
1. route: 0, 92, 36, 15, 30, 99, 8, 84, 10, 4, 54, 24, 29, 34, 50, 1, 77, 80, 12, 26, 
2. route: 0, 42, 39, 11, 76, 87, 49, 68, 3, 81, 17, 61, 16, 5, 60, 83, 18, 82, 7, 28, 
3. route: 0, 45, 27, 23, 88, 40, 53, 41, 66, 74, 2, 57, 43, 14, 86, 93, 96, 46, 58, 
4. route: 0, 65, 62, 44, 38, 79, 22, 75, 72, 73, 21, 55, 13, 95, 97, 37, 98, 85, 91, 100, 59, 89, 52, 31, 25, 
5. route: 0, 33, 69, 64, 67, 78, 9, 6, 94, 56, 35, 71, 20, 51, 32, 90, 63, 19, 47, 48, 70, 
Total distance: 2351.42
-----------------------------------------
/r2/r204.txt
Printing routes for 4 vehicles
1. route: 0, 92, 11, 38, 8, 84, 5, 60, 83, 18, 82, 48, 47, 36, 74, 2, 14, 86, 17, 46, 19, 88, 31, 50, 28, 26, 
2. route: 0, 69, 23, 67, 79, 9, 81, 33, 51, 20, 55, 54, 80, 68, 3, 78, 34, 35, 65, 32, 63, 64, 30, 27, 58, 
3. route: 0, 62, 44, 99, 53, 40, 21, 73, 72, 75, 56, 39, 22, 41, 4, 24, 29, 71, 66, 90, 10, 70, 1, 77, 12, 25, 
4. route: 0, 15, 76, 87, 97, 95, 94, 6, 96, 59, 93, 85, 91, 98, 37, 42, 43, 13, 57, 16, 61, 45, 49, 7, 52, 89, 100, 
Total distance: 1537.01
-----------------------------------------
/r2/r205.txt
Printing routes for 4 vehicles
1. route: 0, 59, 95, 33, 65, 62, 15, 73, 67, 38, 86, 87, 57, 49, 50, 37, 68, 24, 1, 77, 25, 
2. route: 0, 92, 42, 14, 27, 69, 31, 2, 21, 23, 75, 76, 88, 7, 18, 40, 53, 6, 94, 41, 3, 26, 56, 55, 54, 4, 32, 70, 89, 48, 
3. route: 0, 5, 45, 83, 47, 36, 82, 52, 98, 44, 16, 61, 12, 19, 99, 85, 8, 84, 46, 10, 20, 66, 96, 13, 74, 35, 80, 
4. route: 0, 72, 39, 28, 63, 11, 64, 29, 30, 71, 51, 81, 79, 78, 9, 90, 22, 34, 97, 43, 91, 60, 17, 93, 100, 58, 
Total distance: 2320.58
-----------------------------------------
/r2/r206.txt
Printing routes for 4 vehicles
1. route: 0, 92, 14, 27, 69, 29, 23, 76, 67, 79, 78, 22, 46, 97, 95, 68, 35, 34, 3, 50, 1, 70, 31, 7, 82, 48, 
2. route: 0, 33, 63, 65, 11, 19, 88, 99, 18, 86, 8, 90, 49, 56, 55, 32, 24, 12, 26, 80, 77, 25, 75, 
3. route: 0, 42, 39, 28, 15, 44, 16, 61, 38, 40, 87, 53, 6, 84, 57, 10, 66, 54, 4, 13, 94, 96, 59, 98, 37, 100, 91, 85, 89, 52, 
4. route: 0, 45, 47, 36, 62, 64, 30, 71, 73, 51, 81, 9, 41, 20, 43, 74, 72, 21, 60, 83, 17, 5, 93, 2, 58, 
Total distance: 2263.91
-----------------------------------------
/rc1/rc101.txt
Printing routes for 23 vehicles
1. route: 0, 65, 11, 78, 6, 1, 100, 
2. route: 0, 92, 23, 18, 49, 74, 58, 
3. route: 0, 72, 61, 90, 20, 48, 
4. route: 0, 42, 71, 94, 56, 24, 
5. route: 0, 14, 88, 53, 10, 13, 17, 
6. route: 0, 95, 31, 
7. route: 0, 83, 21, 22, 50, 91, 
8. route: 0, 39, 44, 40, 41, 37, 35, 93, 
9. route: 0, 45, 12, 
10. route: 0, 63, 28, 
11. route: 0, 5, 73, 79, 46, 68, 
12. route: 0, 59, 75, 87, 55, 
13. route: 0, 36, 81, 
14. route: 0, 69, 67, 85, 32, 80, 
15. route: 0, 82, 16, 9, 66, 25, 
16. route: 0, 47, 99, 57, 96, 70, 
17. route: 0, 98, 7, 8, 3, 4, 60, 
18. route: 0, 33, 27, 30, 34, 26, 
19. route: 0, 2, 38, 43, 54, 
20. route: 0, 62, 29, 
21. route: 0, 52, 19, 84, 89, 
22. route: 0, 64, 76, 51, 
23. route: 0, 15, 86, 97, 77, 
Total distance: 3001.23
-----------------------------------------
/rc1/rc102.txt
Printing routes for 23 vehicles
1. route: 0, 65, 67, 22, 75, 
2. route: 0, 92, 19, 57, 52, 24, 80, 
3. route: 0, 42, 90, 10, 60, 
4. route: 0, 14, 99, 87, 59, 77, 
5. route: 0, 39, 81, 43, 35, 72, 
6. route: 0, 45, 73, 8, 5, 3, 70, 
7. route: 0, 63, 30, 34, 50, 54, 
8. route: 0, 36, 37, 38, 
9. route: 0, 69, 16, 9, 74, 82, 
10. route: 0, 47, 86, 97, 17, 
11. route: 0, 33, 76, 32, 93, 
12. route: 0, 62, 51, 49, 89, 94, 
13. route: 0, 64, 18, 56, 95, 96, 
14. route: 0, 15, 53, 12, 13, 91, 
15. route: 0, 27, 26, 
16. route: 0, 28, 84, 85, 25, 
17. route: 0, 11, 78, 66, 83, 
18. route: 0, 23, 21, 48, 20, 58, 
19. route: 0, 44, 40, 46, 1, 
20. route: 0, 29, 31, 
21. route: 0, 71, 41, 55, 98, 
22. route: 0, 61, 6, 2, 68, 
23. route: 0, 88, 79, 7, 4, 100, 
Total distance: 3002.89
-----------------------------------------
/rc1/rc103.txt
Printing routes for 16 vehicles
1. route: 0, 65, 67, 84, 85, 51, 25, 
2. route: 0, 92, 30, 32, 31, 34, 
3. route: 0, 42, 99, 52, 13, 17, 82, 
4. route: 0, 39, 8, 7, 55, 60, 100, 
5. route: 0, 45, 46, 78, 6, 2, 5, 1, 
6. route: 0, 36, 37, 40, 
7. route: 0, 69, 38, 56, 91, 93, 
8. route: 0, 33, 76, 89, 63, 
9. route: 0, 62, 22, 20, 24, 74, 86, 57, 80, 
10. route: 0, 64, 53, 66, 68, 61, 81, 
11. route: 0, 15, 16, 9, 10, 12, 14, 47, 98, 
12. route: 0, 27, 26, 28, 29, 50, 95, 94, 96, 
13. route: 0, 11, 87, 59, 97, 75, 58, 
14. route: 0, 23, 21, 48, 49, 19, 18, 77, 83, 
15. route: 0, 44, 41, 43, 35, 72, 71, 54, 
16. route: 0, 90, 88, 79, 73, 4, 3, 70, 
Total distance: 2121.51
-----------------------------------------
/rc1/rc104.txt
Printing routes for 15 vehicles
1. route: 0, 92, 79, 73, 13, 24, 
2. route: 0, 69, 84, 85, 51, 25, 
3. route: 0, 62, 50, 34, 29, 27, 26, 71, 
4. route: 0, 15, 16, 17, 47, 55, 88, 98, 
5. route: 0, 11, 10, 12, 14, 4, 6, 70, 
6. route: 0, 23, 21, 48, 18, 19, 49, 20, 22, 64, 
7. route: 0, 44, 42, 43, 36, 37, 72, 96, 94, 
8. route: 0, 90, 82, 87, 59, 75, 77, 56, 
9. route: 0, 67, 31, 30, 32, 28, 95, 
10. route: 0, 76, 89, 63, 33, 93, 
11. route: 0, 38, 39, 40, 35, 41, 54, 81, 
12. route: 0, 80, 91, 8, 46, 45, 5, 3, 1, 2, 
13. route: 0, 68, 61, 9, 97, 74, 83, 
14. route: 0, 99, 52, 86, 57, 58, 
15. route: 0, 65, 66, 53, 78, 60, 7, 100, 
Total distance: 1859.52
-----------------------------------------
/rc2/rc201.txt
Printing routes for 6 vehicles
1. route: 0, 65, 59, 83, 2, 11, 12, 16, 88, 40, 81, 94, 46, 97, 68, 1, 48, 70, 
2. route: 0, 92, 36, 47, 15, 23, 76, 67, 51, 18, 22, 84, 50, 37, 54, 74, 89, 93, 
3. route: 0, 42, 72, 95, 28, 31, 29, 44, 38, 7, 8, 6, 41, 10, 66, 32, 24, 77, 80, 
4. route: 0, 14, 5, 69, 52, 21, 75, 99, 86, 87, 9, 57, 34, 56, 43, 35, 91, 100, 
5. route: 0, 45, 39, 27, 62, 71, 61, 73, 79, 78, 53, 3, 20, 55, 13, 17, 25, 
6. route: 0, 63, 33, 82, 98, 64, 19, 30, 85, 90, 49, 26, 96, 4, 60, 58, 
Total distance: 3496.4
-----------------------------------------
/rc2/rc202.txt
Printing routes for 5 vehicles
1. route: 0, 65, 63, 27, 23, 19, 76, 51, 90, 53, 8, 10, 43, 4, 60, 7, 2, 5, 3, 1, 70, 100, 98, 
2. route: 0, 92, 36, 69, 15, 61, 88, 40, 81, 41, 49, 56, 54, 35, 37, 72, 96, 94, 95, 50, 34, 31, 91, 
3. route: 0, 42, 39, 28, 29, 71, 67, 30, 18, 22, 57, 84, 97, 68, 13, 89, 85, 26, 93, 
4. route: 0, 14, 33, 64, 44, 38, 99, 87, 79, 46, 66, 32, 24, 21, 48, 77, 58, 52, 83, 80, 
5. route: 0, 45, 47, 62, 11, 16, 73, 86, 9, 78, 6, 20, 55, 74, 17, 12, 59, 75, 25, 82, 
Total distance: 2950.61
-----------------------------------------
/rc2/rc203.txt
Printing routes for 5 vehicles
1. route: 0, 65, 39, 15, 88, 40, 41, 84, 66, 13, 16, 97, 59, 89, 26, 34, 80, 
2. route: 0, 92, 33, 64, 30, 32, 99, 9, 6, 7, 46, 5, 3, 1, 55, 35, 37, 43, 72, 71, 94, 96, 54, 81, 93, 95, 90, 
3. route: 0, 42, 27, 23, 76, 79, 8, 49, 19, 48, 18, 21, 68, 61, 17, 75, 58, 82, 98, 100, 
4. route: 0, 45, 69, 11, 67, 87, 22, 20, 24, 56, 4, 2, 60, 73, 77, 25, 50, 70, 
5. route: 0, 36, 62, 44, 38, 78, 53, 10, 12, 14, 47, 74, 86, 52, 57, 83, 51, 85, 63, 28, 29, 31, 91, 
Total distance: 2549.44
-----------------------------------------
/rc2/rc204.txt
Printing routes for 4 vehicles
1. route: 0, 92, 11, 76, 79, 53, 98, 88, 60, 78, 73, 59, 86, 52, 13, 21, 48, 18, 77, 58, 25, 51, 64, 56, 95, 90, 
2. route: 0, 69, 23, 38, 8, 46, 45, 5, 3, 1, 2, 6, 7, 70, 74, 57, 24, 22, 20, 49, 19, 89, 33, 32, 30, 28, 31, 50, 91, 
3. route: 0, 62, 44, 99, 9, 10, 12, 14, 47, 17, 16, 97, 75, 4, 43, 40, 36, 35, 37, 39, 27, 26, 29, 34, 94, 
4. route: 0, 15, 67, 87, 84, 85, 63, 55, 68, 61, 81, 54, 96, 93, 71, 72, 41, 42, 100, 82, 65, 83, 66, 80, 
Total distance: 1858.67
-----------------------------------------
Program ran for 2944.56 seconds.
