initializing
finding best expr in initial population
best in initial population: 
(((((dem + t) / (t max d)) - ((st * rt) min (d max wt))) max (((st + wt) min (st min q)) * ((t min t_ready) max (wt - dem)))) - ((((t_rem / slack_t) min (t_rem / d_depot)) - ((d_depot + dt) * (t min d))) / (((dt * q) + (d_depot - t_rem)) + ((d_depot - t_rem) * (d_depot - t_rem)))))
fitness 167782
iteration 0: best sol so far: 167782
iteration 500: best sol so far: 123446
iteration 1000: best sol so far: 119788
iteration 1500: best sol so far: 119788
iteration 2000: best sol so far: 115812
iteration 2500: best sol so far: 115812
iteration 3000: best sol so far: 115812
iteration 3500: best sol so far: 115812
iteration 4000: best sol so far: 115812
iteration 4500: best sol so far: 115812
iteration 5000: best sol so far: 115812
iteration 5500: best sol so far: 115812
best after gp: 
((d - (((d_depot - t_rem) min (wt * dt)) min ((d - wt) * d_depot))) + (t + d))
best fitness: 115812

Printing routes for 5 vehicles
1. route: 0, 92, 69, 15, 11, 23, 
2. route: 0, 27, 26, 44, 62, 67, 76, 99, 87, 9, 
3. route: 0, 75, 97, 59, 38, 8, 79, 53, 84, 63, 55, 4, 13, 74, 77, 58, 25, 21, 48, 18, 19, 49, 20, 22, 
4. route: 0, 36, 35, 37, 40, 43, 39, 42, 41, 72, 71, 29, 28, 30, 32, 33, 31, 34, 50, 89, 85, 51, 24, 57, 86, 52, 16, 17, 47, 14, 12, 10, 73, 78, 60, 7, 46, 5, 3, 1, 45, 6, 2, 100, 70, 61, 54, 93, 94, 
5. route: 0, 56, 95, 64, 83, 66, 65, 82, 98, 88, 68, 81, 96, 91, 80, 90, 
Total distance: 1655.58
/C1/c101.txt
-----------------------------------------
Printing routes for 11 vehicles
1. route: 0, 5, 3, 7, 94, 92, 93, 97, 100, 91, 47, 
2. route: 0, 20, 24, 25, 27, 29, 30, 28, 26, 23, 69, 
3. route: 0, 67, 65, 63, 62, 44, 58, 60, 59, 50, 52, 
4. route: 0, 43, 42, 41, 40, 56, 
5. route: 0, 90, 87, 95, 82, 84, 85, 88, 89, 22, 
6. route: 0, 98, 96, 8, 10, 11, 9, 6, 4, 2, 49, 
7. route: 0, 57, 55, 54, 53, 72, 61, 64, 68, 66, 75, 
8. route: 0, 13, 17, 18, 19, 15, 16, 14, 12, 99, 
9. route: 0, 32, 33, 31, 35, 37, 38, 39, 36, 34, 
10. route: 0, 81, 86, 83, 74, 46, 45, 48, 51, 21, 
11. route: 0, 78, 76, 71, 70, 73, 77, 79, 80, 1, 
Total distance: 1396.13
/C1/c102.txt
-----------------------------------------
Printing routes for 13 vehicles
1. route: 0, 20, 17, 27, 56, 39, 68, 48, 12, 
2. route: 0, 67, 87, 8, 15, 45, 100, 94, 98, 3, 
3. route: 0, 43, 55, 35, 11, 9, 51, 50, 52, 47, 
4. route: 0, 90, 25, 71, 84, 97, 4, 2, 1, 
5. route: 0, 57, 86, 29, 16, 6, 89, 83, 49, 
6. route: 0, 13, 63, 92, 28, 80, 91, 5, 
7. route: 0, 32, 41, 53, 38, 64, 72, 59, 21, 
8. route: 0, 81, 54, 10, 30, 14, 99, 69, 
9. route: 0, 78, 40, 93, 77, 22, 34, 
10. route: 0, 24, 18, 44, 73, 88, 85, 95, 75, 
11. route: 0, 42, 76, 74, 58, 36, 66, 31, 
12. route: 0, 65, 19, 46, 60, 23, 26, 37, 
13. route: 0, 33, 62, 70, 61, 79, 82, 96, 7, 
Total distance: 3667.8
/C1/c103.txt
-----------------------------------------
Printing routes for 13 vehicles
1. route: 0, 67, 17, 74, 9, 12, 66, 46, 52, 
2. route: 0, 13, 25, 92, 45, 99, 98, 14, 20, 
3. route: 0, 78, 10, 77, 22, 28, 29, 
4. route: 0, 42, 60, 15, 39, 68, 81, 49, 
5. route: 0, 65, 27, 84, 36, 34, 32, 31, 24, 
6. route: 0, 33, 62, 11, 79, 73, 83, 90, 
7. route: 0, 87, 35, 58, 51, 80, 86, 75, 
8. route: 0, 55, 57, 59, 30, 64, 61, 72, 63, 50, 
9. route: 0, 71, 40, 93, 94, 23, 26, 18, 16, 
10. route: 0, 47, 76, 44, 48, 88, 85, 82, 91, 21, 
11. route: 0, 54, 8, 56, 100, 97, 69, 43, 
12. route: 0, 19, 53, 38, 37, 4, 1, 3, 5, 
13. route: 0, 96, 41, 70, 6, 2, 95, 89, 7, 
Total distance: 3561.07
/C1/c104.txt
-----------------------------------------
Printing routes for 12 vehicles
1. route: 0, 67, 25, 27, 84, 85, 23, 26, 33, 52, 
2. route: 0, 13, 62, 72, 61, 100, 98, 30, 32, 
3. route: 0, 87, 86, 83, 82, 78, 81, 88, 1, 28, 35, 
4. route: 0, 55, 60, 11, 79, 64, 68, 51, 
5. route: 0, 71, 70, 92, 77, 89, 75, 22, 24, 
6. route: 0, 93, 94, 44, 45, 48, 99, 69, 50, 
7. route: 0, 47, 76, 38, 37, 4, 5, 21, 20, 
8. route: 0, 54, 56, 15, 17, 39, 36, 34, 
9. route: 0, 19, 16, 18, 58, 57, 40, 41, 42, 
10. route: 0, 96, 53, 9, 10, 7, 3, 29, 31, 
11. route: 0, 59, 8, 6, 2, 97, 95, 91, 65, 46, 49, 
12. route: 0, 12, 14, 74, 80, 73, 90, 63, 66, 43, 
Total distance: 2796.42
/C2/c201.txt
-----------------------------------------
Printing routes for 4 vehicles
1. route: 0, 93, 5, 75, 1, 64, 32, 33, 65, 37, 54, 36, 58, 26, 57, 83, 46, 76, 71, 52, 47, 9, 41, 48, 96, 
2. route: 0, 20, 63, 2, 29, 6, 97, 68, 35, 55, 39, 56, 28, 59, 86, 44, 85, 12, 70, 80, 79, 81, 78, 21, 
3. route: 0, 67, 62, 74, 72, 99, 66, 69, 31, 49, 38, 53, 34, 60, 84, 40, 82, 14, 15, 17, 73, 43, 11, 8, 87, 
4. route: 0, 22, 24, 27, 30, 61, 100, 92, 94, 95, 98, 7, 3, 4, 89, 91, 88, 23, 18, 19, 16, 45, 51, 50, 13, 25, 42, 10, 77, 90, 
Total distance: 3192.6
/C2/c202.txt
-----------------------------------------
Printing routes for 5 vehicles
1. route: 0, 93, 24, 61, 97, 68, 59, 50, 54, 89, 94, 23, 12, 46, 71, 47, 79, 10, 5, 75, 7, 48, 
2. route: 0, 20, 62, 29, 6, 92, 49, 39, 56, 88, 18, 1, 14, 51, 70, 25, 81, 8, 21, 87, 
3. route: 0, 67, 27, 99, 66, 33, 37, 34, 31, 4, 3, 60, 86, 44, 52, 15, 73, 9, 41, 77, 82, 91, 
4. route: 0, 22, 74, 72, 100, 69, 35, 55, 36, 58, 84, 40, 16, 45, 17, 80, 42, 78, 85, 83, 96, 
5. route: 0, 63, 30, 64, 32, 65, 38, 53, 28, 26, 57, 19, 76, 13, 43, 11, 2, 95, 98, 90, 
Total distance: 4112.35
/C2/c203.txt
-----------------------------------------
Printing routes for 5 vehicles
1. route: 0, 93, 74, 61, 54, 92, 49, 39, 56, 71, 81, 85, 44, 76, 13, 29, 32, 78, 96, 20, 
2. route: 0, 67, 30, 100, 68, 57, 51, 4, 3, 94, 97, 40, 47, 43, 15, 14, 34, 9, 41, 8, 21, 87, 
3. route: 0, 22, 28, 99, 66, 59, 60, 46, 50, 52, 31, 37, 88, 82, 86, 91, 7, 98, 1, 2, 12, 79, 10, 75, 90, 
4. route: 0, 62, 72, 6, 69, 35, 55, 36, 58, 84, 83, 95, 45, 17, 80, 11, 5, 89, 24, 
5. route: 0, 27, 64, 33, 65, 38, 53, 73, 23, 26, 18, 19, 16, 70, 25, 42, 48, 77, 63, 
Total distance: 3338.94
/C2/c204.txt
-----------------------------------------
Printing routes for 4 vehicles
1. route: 0, 67, 74, 80, 69, 64, 61, 56, 4, 89, 91, 23, 26, 28, 36, 34, 15, 16, 14, 79, 81, 8, 20, 87, 
2. route: 0, 62, 72, 49, 54, 92, 1, 55, 59, 60, 40, 65, 68, 41, 42, 43, 35, 6, 30, 18, 19, 25, 12, 2, 77, 78, 66, 
3. route: 0, 71, 70, 73, 100, 94, 3, 88, 82, 85, 53, 57, 46, 45, 50, 52, 31, 33, 32, 29, 27, 24, 22, 21, 10, 5, 93, 90, 63, 
4. route: 0, 47, 51, 99, 97, 95, 98, 7, 38, 37, 39, 58, 84, 83, 44, 76, 13, 17, 9, 11, 75, 86, 96, 48, 
Total distance: 2043.12
/R1/r101.txt
-----------------------------------------
Printing routes for 30 vehicles
1. route: 0, 59, 52, 8, 32, 
2. route: 0, 92, 21, 40, 53, 91, 
3. route: 0, 5, 
4. route: 0, 42, 98, 86, 96, 
5. route: 0, 72, 12, 78, 55, 
6. route: 0, 45, 16, 94, 48, 
7. route: 0, 33, 
8. route: 0, 14, 75, 41, 26, 93, 
9. route: 0, 63, 30, 34, 1, 
10. route: 0, 83, 7, 
11. route: 0, 39, 73, 57, 17, 
12. route: 0, 36, 19, 46, 89, 
13. route: 0, 47, 18, 97, 
14. route: 0, 15, 87, 56, 100, 
15. route: 0, 11, 90, 50, 25, 
16. route: 0, 65, 9, 68, 
17. route: 0, 23, 22, 24, 
18. route: 0, 71, 3, 35, 
19. route: 0, 64, 10, 77, 
20. route: 0, 38, 37, 
21. route: 0, 67, 54, 
22. route: 0, 27, 69, 51, 66, 70, 
23. route: 0, 29, 79, 20, 80, 
24. route: 0, 95, 61, 6, 74, 
25. route: 0, 28, 88, 84, 13, 
26. route: 0, 62, 81, 4, 
27. route: 0, 44, 85, 43, 58, 
28. route: 0, 82, 49, 60, 
29. route: 0, 2, 99, 
30. route: 0, 31, 76, 
Total distance: 2994.18
/R1/r102.txt
-----------------------------------------
Printing routes for 26 vehicles
1. route: 0, 92, 88, 46, 82, 
2. route: 0, 42, 61, 57, 2, 95, 
3. route: 0, 45, 16, 6, 96, 59, 52, 
4. route: 0, 33, 19, 20, 77, 
5. route: 0, 14, 41, 75, 60, 
6. route: 0, 63, 30, 78, 25, 
7. route: 0, 39, 40, 55, 
8. route: 0, 36, 18, 32, 
9. route: 0, 47, 84, 5, 37, 
10. route: 0, 15, 87, 4, 
11. route: 0, 11, 8, 48, 7, 
12. route: 0, 65, 9, 24, 
13. route: 0, 23, 22, 72, 13, 
14. route: 0, 71, 68, 
15. route: 0, 64, 10, 31, 
16. route: 0, 38, 97, 
17. route: 0, 67, 54, 
18. route: 0, 27, 99, 56, 100, 
19. route: 0, 29, 79, 3, 12, 70, 
20. route: 0, 28, 51, 66, 80, 
21. route: 0, 85, 73, 43, 58, 
22. route: 0, 21, 76, 53, 74, 
23. route: 0, 94, 62, 49, 17, 
24. route: 0, 34, 90, 35, 
25. route: 0, 83, 44, 86, 91, 98, 89, 
26. route: 0, 26, 69, 81, 50, 1, 93, 
Total distance: 2844.55
/R1/r103.txt
-----------------------------------------
Printing routes for 18 vehicles
1. route: 0, 92, 62, 49, 47, 48, 82, 7, 
2. route: 0, 42, 44, 6, 16, 37, 97, 94, 
3. route: 0, 45, 
4. route: 0, 33, 76, 53, 74, 25, 
5. route: 0, 39, 40, 55, 24, 50, 
6. route: 0, 36, 84, 61, 5, 83, 60, 18, 
7. route: 0, 15, 87, 43, 57, 2, 93, 
8. route: 0, 11, 8, 46, 17, 100, 
9. route: 0, 65, 9, 71, 20, 77, 
10. route: 0, 23, 22, 75, 73, 4, 80, 
11. route: 0, 64, 10, 90, 31, 52, 
12. route: 0, 38, 86, 91, 98, 59, 96, 89, 
13. route: 0, 67, 68, 29, 1, 
14. route: 0, 27, 99, 56, 54, 12, 28, 
15. route: 0, 14, 41, 72, 13, 95, 58, 
16. route: 0, 19, 30, 78, 81, 51, 63, 
17. route: 0, 85, 88, 66, 32, 70, 
18. route: 0, 21, 69, 79, 34, 35, 3, 26, 
Total distance: 2134.82
/R1/r104.txt
-----------------------------------------
Printing routes for 14 vehicles
1. route: 0, 92, 62, 9, 81, 30, 70, 31, 
2. route: 0, 15, 87, 43, 74, 40, 27, 
3. route: 0, 11, 64, 49, 36, 48, 7, 1, 
4. route: 0, 23, 39, 75, 22, 72, 73, 2, 58, 
5. route: 0, 38, 86, 91, 98, 37, 59, 100, 
6. route: 0, 67, 56, 41, 57, 42, 95, 
7. route: 0, 14, 8, 46, 47, 82, 18, 89, 
8. route: 0, 19, 99, 16, 61, 93, 13, 97, 6, 
9. route: 0, 85, 53, 4, 80, 28, 
10. route: 0, 21, 76, 3, 55, 54, 77, 
11. route: 0, 60, 44, 84, 17, 45, 83, 5, 96, 
12. route: 0, 35, 71, 66, 32, 90, 63, 10, 88, 52, 
13. route: 0, 94, 69, 79, 78, 29, 24, 25, 12, 
14. route: 0, 34, 65, 20, 51, 33, 50, 68, 26, 
Total distance: 1666.51
/R1/r105.txt
-----------------------------------------
Printing routes for 20 vehicles
1. route: 0, 59, 28, 12, 76, 3, 54, 25, 
2. route: 0, 92, 52, 18, 6, 26, 24, 
3. route: 0, 95, 61, 84, 96, 
4. route: 0, 5, 98, 38, 57, 91, 
5. route: 0, 72, 23, 67, 56, 4, 
6. route: 0, 42, 44, 86, 37, 13, 
7. route: 0, 33, 65, 71, 9, 66, 70, 
8. route: 0, 83, 31, 
9. route: 0, 45, 16, 85, 94, 17, 
10. route: 0, 14, 99, 87, 74, 
11. route: 0, 27, 69, 30, 51, 81, 35, 77, 
12. route: 0, 39, 75, 40, 53, 50, 80, 
13. route: 0, 82, 88, 8, 97, 89, 
14. route: 0, 63, 11, 90, 20, 1, 
15. route: 0, 62, 7, 46, 60, 
16. route: 0, 47, 19, 49, 32, 93, 
17. route: 0, 2, 21, 22, 43, 100, 
18. route: 0, 15, 73, 41, 55, 58, 
19. route: 0, 36, 64, 10, 48, 
20. route: 0, 29, 79, 78, 34, 68, 
Total distance: 2142.96
/R1/r106.txt
-----------------------------------------
Printing routes for 19 vehicles
1. route: 0, 92, 38, 57, 4, 58, 
2. route: 0, 42, 16, 84, 97, 13, 98, 
3. route: 0, 33, 71, 81, 68, 12, 95, 
4. route: 0, 45, 61, 18, 82, 83, 5, 85, 
5. route: 0, 14, 99, 40, 56, 72, 37, 
6. route: 0, 27, 69, 76, 78, 54, 25, 94, 
7. route: 0, 39, 73, 22, 55, 80, 
8. route: 0, 63, 64, 10, 31, 1, 96, 
9. route: 0, 62, 49, 32, 50, 
10. route: 0, 47, 88, 6, 17, 91, 
11. route: 0, 15, 87, 53, 74, 2, 
12. route: 0, 36, 8, 48, 7, 52, 89, 
13. route: 0, 29, 79, 20, 3, 
14. route: 0, 28, 30, 51, 66, 70, 
15. route: 0, 11, 90, 35, 77, 
16. route: 0, 44, 86, 43, 100, 
17. route: 0, 23, 67, 41, 75, 21, 59, 
18. route: 0, 19, 46, 60, 93, 
19. route: 0, 65, 9, 34, 24, 26, 
Total distance: 2249.38
/R2/r201.txt
-----------------------------------------
Printing routes for 5 vehicles
1. route: 0, 42, 14, 95, 31, 62, 64, 71, 7, 51, 79, 81, 9, 78, 57, 46, 97, 37, 96, 54, 4, 74, 13, 91, 48, 70, 77, 
2. route: 0, 92, 5, 59, 83, 2, 15, 98, 44, 19, 16, 18, 8, 84, 
3. route: 0, 45, 36, 47, 27, 82, 52, 21, 23, 76, 38, 87, 22, 3, 34, 50, 26, 56, 43, 55, 24, 60, 89, 93, 58, 80, 
4. route: 0, 33, 72, 28, 69, 11, 30, 88, 61, 99, 86, 94, 41, 
5. route: 0, 63, 65, 39, 29, 12, 75, 67, 73, 40, 85, 6, 53, 90, 49, 10, 20, 66, 32, 68, 35, 1, 17, 100, 25, 
Total distance: 2467.9
/R2/r202.txt
-----------------------------------------
Printing routes for 4 vehicles
1. route: 0, 42, 39, 28, 62, 64, 88, 61, 40, 51, 79, 90, 49, 97, 54, 32, 17, 91, 98, 93, 96, 94, 75, 26, 
2. route: 0, 92, 14, 63, 29, 30, 19, 73, 81, 9, 78, 53, 66, 68, 55, 24, 60, 5, 85, 100, 37, 59, 95, 2, 21, 58, 
3. route: 0, 45, 36, 47, 69, 11, 71, 76, 67, 87, 22, 41, 57, 46, 10, 43, 74, 13, 89, 83, 82, 48, 7, 31, 70, 1, 12, 
4. route: 0, 33, 65, 27, 15, 23, 44, 16, 38, 99, 18, 8, 86, 84, 6, 20, 56, 4, 35, 34, 3, 50, 77, 80, 25, 72, 52, 
Total distance: 2342.85
/R2/r203.txt
-----------------------------------------
Printing routes for 5 vehicles
1. route: 0, 42, 39, 62, 44, 67, 79, 78, 6, 16, 56, 35, 71, 34, 81, 51, 32, 63, 7, 52, 50, 
2. route: 0, 92, 36, 23, 76, 53, 49, 68, 17, 46, 47, 19, 48, 18, 89, 58, 28, 
3. route: 0, 45, 27, 64, 88, 40, 8, 84, 86, 66, 74, 2, 97, 37, 98, 61, 100, 93, 59, 96, 95, 94, 25, 
4. route: 0, 33, 15, 30, 99, 41, 87, 43, 10, 4, 54, 24, 29, 3, 20, 90, 70, 77, 80, 26, 
5. route: 0, 65, 69, 11, 38, 9, 22, 75, 72, 73, 21, 57, 55, 13, 14, 91, 85, 5, 83, 60, 82, 31, 1, 12, 
Total distance: 2497.74
/R2/r204.txt
-----------------------------------------
Printing routes for 4 vehicles
1. route: 0, 92, 37, 91, 86, 16, 23, 38, 9, 84, 17, 45, 47, 64, 4, 12, 3, 81, 33, 51, 30, 70, 10, 77, 25, 
2. route: 0, 14, 62, 44, 53, 21, 56, 39, 75, 22, 72, 54, 24, 29, 13, 95, 59, 93, 5, 83, 60, 82, 48, 7, 18, 96, 100, 58, 
3. route: 0, 19, 15, 76, 99, 8, 46, 36, 49, 55, 80, 68, 34, 35, 65, 71, 66, 32, 63, 88, 52, 89, 6, 94, 
4. route: 0, 85, 69, 11, 67, 79, 87, 43, 42, 57, 41, 73, 2, 97, 98, 61, 74, 40, 26, 78, 20, 90, 31, 1, 50, 28, 27, 
Total distance: 1893.87
/R2/r205.txt
-----------------------------------------
Printing routes for 4 vehicles
1. route: 0, 59, 42, 95, 47, 82, 52, 69, 98, 44, 16, 61, 38, 99, 85, 86, 87, 41, 3, 50, 20, 66, 56, 4, 35, 77, 25, 
2. route: 0, 92, 14, 83, 27, 28, 31, 2, 15, 23, 73, 40, 7, 18, 8, 84, 6, 57, 46, 96, 37, 43, 74, 13, 60, 17, 91, 100, 58, 
3. route: 0, 5, 45, 36, 63, 62, 11, 64, 19, 30, 71, 76, 51, 81, 79, 78, 53, 94, 49, 10, 97, 54, 24, 1, 70, 80, 
4. route: 0, 72, 39, 33, 65, 29, 12, 21, 75, 67, 88, 90, 9, 22, 34, 26, 55, 68, 32, 48, 89, 93, 
Total distance: 2177.05
/R2/r206.txt
-----------------------------------------
Printing routes for 4 vehicles
1. route: 0, 92, 14, 47, 27, 15, 44, 16, 61, 99, 18, 8, 90, 53, 20, 68, 4, 24, 3, 50, 77, 80, 12, 26, 58, 52, 1, 
2. route: 0, 33, 65, 63, 69, 64, 19, 88, 38, 86, 84, 6, 46, 97, 43, 74, 13, 17, 91, 100, 37, 93, 96, 89, 48, 70, 
3. route: 0, 42, 39, 28, 29, 23, 67, 73, 40, 87, 41, 22, 57, 10, 56, 54, 32, 60, 83, 5, 85, 98, 59, 95, 94, 82, 31, 
4. route: 0, 45, 36, 62, 11, 30, 71, 76, 51, 81, 79, 78, 9, 49, 66, 55, 35, 34, 25, 75, 72, 21, 2, 7, 
Total distance: 2085.88
/RC1/rc101.txt
-----------------------------------------
Printing routes for 24 vehicles
1. route: 0, 65, 69, 88, 7, 55, 68, 
2. route: 0, 92, 64, 51, 49, 74, 91, 
3. route: 0, 83, 82, 53, 3, 
4. route: 0, 95, 76, 18, 77, 
5. route: 0, 72, 61, 81, 41, 35, 
6. route: 0, 42, 71, 94, 37, 
7. route: 0, 14, 98, 90, 56, 96, 
8. route: 0, 39, 67, 34, 26, 93, 
9. route: 0, 45, 73, 8, 60, 
10. route: 0, 52, 19, 97, 
11. route: 0, 63, 30, 84, 66, 80, 
12. route: 0, 2, 78, 46, 4, 100, 
13. route: 0, 62, 85, 32, 
14. route: 0, 5, 79, 6, 1, 
15. route: 0, 47, 87, 20, 24, 
16. route: 0, 59, 75, 22, 48, 
17. route: 0, 36, 
18. route: 0, 11, 99, 10, 17, 
19. route: 0, 12, 9, 58, 
20. route: 0, 15, 16, 86, 13, 70, 
21. route: 0, 44, 40, 38, 43, 54, 
22. route: 0, 33, 28, 27, 89, 
23. route: 0, 23, 21, 57, 25, 
24. route: 0, 31, 29, 50, 
Total distance: 3071.4
/RC1/rc102.txt
-----------------------------------------
Printing routes for 21 vehicles
1. route: 0, 65, 69, 99, 57, 77, 91, 
2. route: 0, 92, 64, 51, 20, 83, 82, 
3. route: 0, 42, 61, 41, 72, 35, 93, 
4. route: 0, 14, 88, 53, 46, 1, 70, 
5. route: 0, 39, 71, 90, 66, 55, 
6. route: 0, 45, 78, 10, 17, 98, 
7. route: 0, 63, 30, 31, 50, 54, 
8. route: 0, 62, 67, 84, 32, 95, 
9. route: 0, 47, 79, 6, 7, 4, 100, 
10. route: 0, 36, 37, 81, 43, 68, 
11. route: 0, 11, 86, 97, 25, 
12. route: 0, 15, 87, 59, 13, 60, 
13. route: 0, 44, 40, 
14. route: 0, 33, 29, 26, 89, 94, 
15. route: 0, 23, 18, 48, 74, 12, 
16. route: 0, 19, 22, 21, 56, 96, 
17. route: 0, 38, 
18. route: 0, 16, 9, 75, 52, 
19. route: 0, 73, 8, 5, 3, 2, 
20. route: 0, 28, 27, 34, 85, 24, 
21. route: 0, 76, 49, 58, 80, 
Total distance: 2769.57
/RC1/rc103.txt
-----------------------------------------
Printing routes for 18 vehicles
1. route: 0, 65, 64, 87, 97, 59, 58, 90, 
2. route: 0, 92, 99, 10, 17, 82, 
3. route: 0, 42, 67, 84, 56, 66, 83, 
4. route: 0, 39, 37, 8, 46, 3, 
5. route: 0, 45, 88, 6, 7, 5, 1, 70, 81, 
6. route: 0, 62, 22, 19, 24, 25, 
7. route: 0, 36, 43, 41, 68, 55, 54, 
8. route: 0, 11, 53, 13, 86, 80, 
9. route: 0, 15, 79, 4, 2, 100, 
10. route: 0, 44, 40, 72, 35, 71, 93, 
11. route: 0, 33, 26, 29, 50, 85, 57, 
12. route: 0, 23, 21, 48, 18, 77, 91, 
13. route: 0, 38, 
14. route: 0, 76, 49, 20, 74, 98, 
15. route: 0, 27, 28, 31, 89, 95, 
16. route: 0, 30, 32, 34, 63, 51, 94, 96, 
17. route: 0, 69, 78, 73, 47, 12, 52, 
18. route: 0, 75, 9, 16, 14, 60, 61, 
Total distance: 2411.53
/RC1/rc104.txt
-----------------------------------------
Printing routes for 15 vehicles
1. route: 0, 92, 99, 59, 77, 83, 
2. route: 0, 62, 33, 30, 32, 34, 93, 81, 
3. route: 0, 11, 16, 17, 47, 14, 12, 10, 82, 
4. route: 0, 15, 53, 13, 52, 68, 
5. route: 0, 44, 43, 42, 4, 45, 100, 
6. route: 0, 23, 21, 48, 18, 19, 49, 20, 57, 98, 
7. route: 0, 38, 39, 72, 71, 94, 96, 61, 
8. route: 0, 76, 89, 63, 25, 91, 
9. route: 0, 69, 79, 73, 78, 60, 7, 88, 
10. route: 0, 27, 26, 28, 29, 31, 50, 95, 80, 
11. route: 0, 75, 9, 74, 24, 90, 
12. route: 0, 36, 35, 37, 40, 41, 55, 2, 
13. route: 0, 54, 8, 46, 5, 3, 1, 6, 70, 
14. route: 0, 56, 87, 97, 86, 58, 65, 
15. route: 0, 66, 67, 84, 85, 51, 22, 64, 
Total distance: 1934.85
/RC2/rc201.txt
-----------------------------------------
Printing routes for 5 vehicles
1. route: 0, 65, 59, 47, 82, 98, 62, 30, 67, 38, 40, 41, 8, 10, 97, 96, 74, 48, 93, 
2. route: 0, 92, 63, 33, 95, 28, 27, 31, 29, 71, 44, 7, 79, 78, 9, 6, 46, 37, 54, 35, 60, 58, 100, 
3. route: 0, 42, 36, 72, 83, 52, 64, 23, 19, 76, 61, 81, 90, 53, 94, 3, 43, 55, 13, 24, 77, 80, 
4. route: 0, 14, 5, 69, 11, 75, 21, 51, 85, 18, 22, 84, 34, 20, 66, 68, 4, 1, 17, 25, 
5. route: 0, 45, 39, 2, 15, 12, 16, 73, 88, 99, 86, 87, 57, 49, 50, 26, 56, 32, 89, 91, 70, 
Total distance: 2944.02
/RC2/rc202.txt
-----------------------------------------
Printing routes for 5 vehicles
1. route: 0, 65, 63, 69, 15, 88, 61, 40, 8, 6, 53, 20, 32, 26, 89, 48, 58, 83, 91, 
2. route: 0, 92, 36, 27, 23, 76, 19, 51, 86, 57, 90, 75, 56, 54, 35, 37, 72, 31, 34, 50, 85, 93, 80, 
3. route: 0, 42, 33, 62, 29, 67, 30, 18, 22, 84, 46, 43, 4, 60, 7, 5, 3, 1, 2, 100, 70, 96, 
4. route: 0, 14, 39, 28, 71, 44, 38, 81, 41, 79, 10, 66, 68, 74, 17, 12, 59, 25, 95, 
5. route: 0, 45, 47, 64, 11, 16, 73, 99, 87, 9, 78, 49, 97, 55, 13, 24, 21, 77, 52, 82, 98, 94, 
Total distance: 2895.35
/RC2/rc203.txt
-----------------------------------------
Printing routes for 5 vehicles
1. route: 0, 65, 39, 64, 30, 38, 8, 41, 37, 56, 13, 16, 47, 14, 12, 77, 24, 51, 34, 96, 
2. route: 0, 92, 33, 15, 76, 87, 9, 84, 63, 89, 66, 4, 5, 3, 1, 2, 60, 98, 82, 52, 83, 95, 91, 80, 70, 
3. route: 0, 42, 27, 23, 67, 79, 53, 49, 19, 21, 68, 17, 73, 58, 57, 50, 54, 
4. route: 0, 45, 62, 44, 99, 78, 22, 48, 18, 55, 74, 75, 97, 59, 86, 25, 20, 85, 94, 81, 100, 
5. route: 0, 36, 69, 11, 88, 40, 6, 7, 46, 10, 35, 43, 72, 71, 29, 26, 28, 32, 31, 93, 61, 90, 
Total distance: 2902.78
/RC2/rc204.txt
-----------------------------------------
Printing routes for 4 vehicles
1. route: 0, 92, 69, 11, 67, 87, 84, 63, 89, 55, 43, 35, 37, 39, 41, 72, 29, 28, 34, 93, 96, 81, 68, 
2. route: 0, 27, 23, 38, 8, 46, 5, 3, 1, 45, 7, 6, 2, 73, 60, 98, 74, 24, 49, 20, 51, 85, 33, 26, 32, 95, 56, 91, 80, 90, 
3. route: 0, 75, 62, 44, 99, 79, 53, 17, 47, 16, 14, 12, 10, 78, 88, 70, 13, 52, 57, 22, 77, 58, 25, 64, 83, 66, 65, 82, 
4. route: 0, 36, 15, 76, 9, 97, 59, 86, 21, 48, 18, 19, 4, 40, 42, 71, 31, 30, 50, 94, 54, 61, 100, 
Total distance: 2205.23
Program ran for 1974.99 seconds.
