[Training fitness: 89395.7]
/c2/c205.txt
Printing routes for 3 vehicles
1. route: 0, 93, 5, 75, 2, 1, 99, 100, 97, 92, 94, 95, 98, 7, 3, 4, 89, 91, 88, 86, 84, 83, 82, 85, 76, 71, 70, 73, 80, 79, 81, 78, 77, 96, 87, 90, 
2. route: 0, 67, 63, 62, 74, 72, 61, 64, 66, 69, 68, 65, 49, 55, 54, 53, 56, 58, 60, 59, 57, 40, 44, 46, 45, 51, 50, 52, 47, 43, 42, 41, 48, 
3. route: 0, 20, 22, 24, 27, 30, 29, 6, 32, 33, 31, 35, 37, 38, 39, 36, 34, 28, 26, 23, 18, 19, 16, 14, 12, 15, 17, 13, 25, 9, 11, 10, 8, 21, 
Total distance: 588.88
--------------------------------
/r1/r108.txt
Printing routes for 9 vehicles
1. route: 0, 28, 12, 80, 76, 3, 79, 78, 34, 29, 24, 68, 77, 
2. route: 0, 31, 88, 10, 62, 11, 64, 63, 90, 32, 30, 70, 
3. route: 0, 6, 96, 59, 93, 99, 5, 84, 17, 45, 83, 60, 18, 89, 
4. route: 0, 52, 7, 48, 82, 8, 46, 47, 36, 49, 19, 
5. route: 0, 2, 57, 15, 43, 42, 87, 97, 95, 94, 13, 58, 
6. route: 0, 50, 33, 81, 51, 9, 35, 71, 65, 66, 20, 
7. route: 0, 92, 98, 91, 44, 14, 38, 86, 16, 61, 85, 100, 37, 
8. route: 0, 73, 72, 75, 56, 23, 67, 39, 55, 25, 54, 26, 
9. route: 0, 27, 69, 1, 53, 40, 21, 4, 74, 22, 41, 
Total distance: 960.88
-------------------------------
/r1/r107.txt
Printing routes for 10 vehicles
1. route: 0, 92, 42, 43, 15, 41, 22, 75, 56, 74, 72, 73, 58, 
2. route: 0, 59, 37, 91, 44, 14, 38, 86, 16, 17, 5, 60, 
3. route: 0, 47, 36, 46, 8, 84, 61, 85, 98, 100, 93, 96, 
4. route: 0, 83, 45, 99, 6, 87, 57, 2, 13, 97, 95, 94, 
5. route: 0, 52, 7, 62, 11, 64, 49, 19, 48, 82, 18, 89, 
6. route: 0, 27, 76, 3, 79, 78, 34, 35, 81, 77, 28, 
7. route: 0, 26, 21, 39, 23, 67, 55, 4, 25, 54, 
8. route: 0, 69, 30, 88, 31, 10, 63, 90, 32, 70, 
9. route: 0, 50, 33, 65, 71, 9, 66, 20, 51, 1, 
10. route: 0, 53, 40, 12, 68, 29, 24, 80, 
Total distance: 1104.66
------------------------------
/rc1/rc108.txt
Printing routes for 10 vehicles
1. route: 0, 2, 6, 7, 8, 46, 4, 45, 5, 3, 1, 100, 
2. route: 0, 71, 67, 62, 50, 63, 85, 84, 92, 56, 91, 80, 
3. route: 0, 69, 98, 88, 53, 78, 73, 79, 60, 55, 70, 68, 
4. route: 0, 12, 14, 47, 17, 16, 15, 13, 9, 11, 10, 
5. route: 0, 95, 33, 30, 28, 26, 27, 29, 31, 34, 32, 
6. route: 0, 41, 42, 44, 43, 40, 38, 37, 35, 36, 39, 
7. route: 0, 82, 99, 52, 86, 87, 59, 97, 75, 58, 74, 
8. route: 0, 65, 83, 57, 24, 22, 49, 21, 23, 25, 77, 
9. route: 0, 64, 51, 76, 89, 18, 48, 19, 20, 66, 
10. route: 0, 90, 61, 81, 96, 94, 93, 72, 54, 
Total distance: 1139.82