[Training fitness: 89395.7]
/c1/c105.txt
Printing routes for 11 vehicles
1. route: 0, 20, 5, 7, 8, 10, 11, 9, 6, 4, 2, 1, 75, 
2. route: 0, 67, 65, 63, 62, 74, 72, 61, 64, 68, 66, 69, 
3. route: 0, 43, 42, 41, 40, 44, 46, 45, 48, 51, 50, 52, 49, 47, 
4. route: 0, 90, 87, 86, 83, 82, 84, 85, 88, 89, 91, 21, 
5. route: 0, 24, 32, 31, 35, 37, 38, 39, 36, 34, 22, 
6. route: 0, 3, 98, 95, 94, 92, 93, 97, 100, 99, 
7. route: 0, 13, 17, 18, 19, 15, 16, 14, 12, 
8. route: 0, 57, 55, 54, 53, 56, 58, 60, 59, 
9. route: 0, 33, 25, 27, 29, 30, 28, 26, 23, 
10. route: 0, 81, 78, 76, 71, 70, 73, 77, 79, 80, 
11. route: 0, 96, 
Total distance: 971.064
-----------------------------------------
/c1/c106.txt
Printing routes for 10 vehicles
1. route: 0, 20, 24, 25, 27, 29, 30, 28, 26, 23, 22, 21, 47, 
2. route: 0, 5, 3, 7, 8, 10, 11, 9, 6, 4, 2, 1, 75, 
3. route: 0, 67, 65, 63, 62, 74, 72, 61, 64, 68, 66, 69, 
4. route: 0, 43, 42, 41, 40, 44, 46, 45, 48, 51, 50, 52, 49, 
5. route: 0, 13, 17, 18, 19, 15, 16, 14, 12, 
6. route: 0, 90, 87, 86, 83, 82, 84, 85, 88, 89, 91, 
7. route: 0, 32, 33, 31, 35, 37, 38, 39, 36, 34, 
8. route: 0, 57, 55, 54, 53, 56, 58, 60, 59, 
9. route: 0, 98, 96, 95, 94, 92, 93, 97, 100, 99, 
10. route: 0, 81, 78, 76, 71, 70, 73, 77, 79, 80, 
Total distance: 852.948
-----------------------------------------
/c1/c107.txt
Printing routes for 10 vehicles
1. route: 0, 20, 24, 25, 27, 29, 30, 28, 26, 23, 22, 21, 47, 
2. route: 0, 67, 65, 63, 62, 74, 72, 61, 64, 68, 66, 69, 
3. route: 0, 5, 3, 7, 8, 10, 11, 9, 6, 4, 2, 1, 75, 
4. route: 0, 43, 42, 41, 40, 44, 46, 45, 48, 51, 50, 52, 49, 
5. route: 0, 90, 87, 86, 83, 82, 84, 85, 88, 89, 91, 
6. route: 0, 13, 17, 18, 19, 15, 16, 14, 12, 
7. route: 0, 98, 96, 95, 94, 92, 93, 97, 100, 99, 
8. route: 0, 32, 33, 31, 35, 37, 38, 39, 36, 34, 
9. route: 0, 57, 55, 54, 53, 56, 58, 60, 59, 
10. route: 0, 81, 78, 76, 71, 70, 73, 77, 79, 80, 
Total distance: 852.948
-----------------------------------------
/c1/c108.txt
Printing routes for 11 vehicles
1. route: 0, 20, 24, 25, 27, 29, 30, 28, 26, 23, 22, 21, 52, 
2. route: 0, 67, 65, 63, 62, 74, 72, 61, 64, 68, 69, 66, 
3. route: 0, 5, 3, 7, 8, 10, 11, 9, 6, 4, 1, 75, 47, 
4. route: 0, 43, 42, 41, 40, 44, 45, 46, 48, 50, 51, 49, 
5. route: 0, 90, 87, 86, 83, 82, 84, 85, 88, 89, 91, 
6. route: 0, 13, 17, 18, 19, 15, 16, 14, 12, 
7. route: 0, 98, 96, 95, 94, 92, 93, 97, 100, 99, 
8. route: 0, 32, 33, 31, 35, 37, 38, 39, 36, 34, 
9. route: 0, 55, 57, 54, 56, 53, 58, 60, 59, 
10. route: 0, 81, 78, 76, 71, 70, 73, 77, 79, 80, 
11. route: 0, 2, 
Total distance: 935.532
-----------------------------------------
/c1/c109.txt
Printing routes for 11 vehicles
1. route: 0, 20, 24, 25, 27, 29, 35, 38, 39, 36, 34, 52, 49, 
2. route: 0, 67, 65, 63, 62, 74, 72, 61, 64, 68, 69, 66, 
3. route: 0, 5, 3, 7, 8, 11, 10, 9, 6, 4, 1, 2, 75, 
4. route: 0, 43, 42, 41, 40, 44, 45, 46, 48, 50, 51, 47, 21, 
5. route: 0, 90, 87, 86, 83, 82, 84, 85, 88, 89, 91, 
6. route: 0, 13, 17, 18, 19, 15, 16, 14, 12, 
7. route: 0, 98, 96, 95, 94, 93, 92, 97, 100, 99, 
8. route: 0, 32, 33, 31, 37, 30, 28, 26, 23, 22, 
9. route: 0, 57, 55, 54, 56, 58, 60, 59, 
10. route: 0, 81, 78, 76, 71, 70, 73, 77, 79, 80, 
11. route: 0, 53, 
Total distance: 980.569
-----------------------------------------
/c2/c205.txt
Printing routes for 3 vehicles
1. route: 0, 93, 5, 75, 2, 1, 99, 100, 97, 92, 94, 95, 98, 7, 3, 4, 89, 91, 88, 84, 86, 83, 82, 85, 76, 71, 70, 73, 79, 80, 81, 78, 77, 87, 96, 
2. route: 0, 20, 22, 24, 27, 30, 29, 6, 32, 33, 31, 35, 37, 38, 39, 36, 34, 28, 26, 23, 18, 19, 16, 14, 12, 15, 17, 13, 9, 25, 43, 42, 41, 48, 21, 
3. route: 0, 67, 63, 62, 74, 72, 61, 64, 66, 69, 68, 65, 49, 55, 54, 53, 56, 58, 60, 59, 57, 40, 44, 46, 45, 51, 50, 52, 47, 11, 10, 8, 90, 
Total distance: 686.904
-----------------------------------------
/c2/c206.txt
Printing routes for 4 vehicles
1. route: 0, 93, 5, 75, 2, 67, 72, 61, 64, 66, 69, 68, 65, 49, 55, 54, 53, 56, 58, 60, 59, 57, 40, 44, 46, 45, 51, 50, 52, 47, 43, 42, 41, 48, 21, 8, 
2. route: 0, 63, 62, 74, 24, 27, 30, 20, 29, 6, 33, 31, 35, 37, 38, 39, 36, 34, 28, 26, 23, 18, 19, 16, 14, 12, 15, 17, 13, 25, 9, 11, 10, 90, 87, 
3. route: 0, 22, 1, 99, 100, 97, 92, 94, 95, 98, 7, 3, 4, 89, 91, 88, 84, 83, 86, 82, 85, 76, 71, 70, 73, 80, 79, 81, 78, 77, 96, 
4. route: 0, 32, 
Total distance: 812.414
-----------------------------------------
/c2/c207.txt
Printing routes for 3 vehicles
1. route: 0, 93, 5, 75, 2, 1, 99, 100, 97, 92, 94, 95, 98, 7, 3, 4, 89, 91, 88, 84, 86, 83, 82, 85, 76, 71, 70, 73, 79, 80, 81, 78, 77, 87, 96, 
2. route: 0, 63, 67, 62, 74, 72, 61, 64, 66, 69, 68, 65, 49, 55, 54, 53, 56, 58, 60, 59, 57, 40, 44, 46, 45, 50, 51, 52, 47, 43, 42, 41, 48, 21, 8, 10, 
3. route: 0, 20, 22, 24, 27, 30, 29, 6, 32, 33, 31, 35, 37, 38, 39, 36, 34, 28, 26, 23, 18, 17, 15, 19, 16, 14, 12, 13, 9, 11, 25, 90, 
Total distance: 663.134
-----------------------------------------
/c2/c208.txt
Printing routes for 3 vehicles
1. route: 0, 93, 5, 75, 2, 1, 99, 100, 97, 92, 94, 95, 98, 7, 3, 4, 89, 91, 88, 84, 83, 82, 86, 40, 44, 46, 45, 51, 50, 52, 47, 43, 42, 41, 48, 
2. route: 0, 20, 22, 24, 27, 30, 29, 67, 72, 61, 64, 66, 69, 68, 65, 49, 55, 54, 53, 56, 58, 60, 59, 57, 16, 14, 12, 15, 17, 13, 25, 9, 11, 10, 8, 
3. route: 0, 63, 62, 74, 6, 32, 33, 31, 35, 37, 38, 39, 36, 34, 28, 26, 23, 18, 19, 85, 76, 71, 70, 73, 80, 79, 81, 78, 77, 87, 96, 90, 21, 
Total distance: 847.579
-----------------------------------------
/r1/r107.txt
Printing routes for 14 vehicles
1. route: 0, 92, 42, 15, 44, 84, 5, 60, 83, 18, 82, 
2. route: 0, 28, 27, 69, 62, 88, 31, 10, 90, 63, 32, 70, 
3. route: 0, 33, 81, 76, 79, 78, 34, 35, 71, 20, 51, 
4. route: 0, 89, 45, 11, 49, 47, 48, 19, 7, 52, 
5. route: 0, 26, 39, 23, 67, 56, 75, 74, 72, 73, 21, 58, 
6. route: 0, 94, 95, 97, 59, 96, 99, 6, 98, 37, 85, 91, 100, 
7. route: 0, 12, 54, 24, 29, 9, 66, 1, 50, 3, 
8. route: 0, 36, 64, 46, 17, 86, 16, 
9. route: 0, 2, 57, 43, 38, 14, 61, 13, 93, 
10. route: 0, 65, 30, 68, 4, 25, 
11. route: 0, 40, 53, 55, 80, 77, 
12. route: 0, 87, 41, 
13. route: 0, 8, 
14. route: 0, 22, 
Total distance: 1540.99
-----------------------------------------
/r1/r108.txt
Printing routes for 11 vehicles
1. route: 0, 92, 59, 93, 85, 44, 38, 14, 91, 16, 61, 17, 
2. route: 0, 27, 28, 69, 62, 10, 90, 63, 32, 20, 66, 
3. route: 0, 89, 6, 94, 95, 97, 99, 96, 84, 5, 60, 83, 45, 18, 
4. route: 0, 26, 12, 80, 68, 76, 79, 9, 81, 33, 78, 34, 
5. route: 0, 40, 21, 73, 72, 23, 67, 39, 55, 25, 56, 
6. route: 0, 52, 88, 31, 11, 19, 47, 36, 49, 64, 
7. route: 0, 1, 50, 3, 29, 24, 54, 4, 74, 22, 41, 
8. route: 0, 2, 57, 15, 43, 87, 42, 37, 98, 13, 58, 
9. route: 0, 70, 30, 51, 71, 35, 65, 77, 
10. route: 0, 7, 82, 48, 8, 46, 86, 100, 
11. route: 0, 75, 53, 
Total distance: 1211.49
-----------------------------------------
/r1/r109.txt
Printing routes for 14 vehicles
1. route: 0, 27, 28, 69, 31, 52, 88, 10, 20, 32, 70, 
2. route: 0, 95, 92, 59, 98, 99, 5, 61, 85, 93, 37, 97, 
3. route: 0, 83, 45, 82, 7, 47, 49, 48, 60, 89, 
4. route: 0, 2, 21, 72, 73, 75, 22, 41, 74, 56, 4, 80, 
5. route: 0, 33, 29, 12, 76, 79, 78, 34, 35, 77, 
6. route: 0, 42, 15, 14, 44, 16, 86, 91, 100, 13, 58, 
7. route: 0, 62, 11, 19, 63, 90, 66, 1, 
8. route: 0, 39, 23, 67, 57, 43, 17, 
9. route: 0, 30, 51, 81, 9, 3, 50, 68, 24, 
10. route: 0, 36, 64, 8, 46, 
11. route: 0, 71, 65, 26, 54, 25, 
12. route: 0, 40, 53, 87, 94, 96, 
13. route: 0, 18, 6, 84, 
14. route: 0, 38, 55, 
Total distance: 1653.94
-----------------------------------------
/r1/r110.txt
Printing routes for 12 vehicles
1. route: 0, 28, 27, 52, 31, 88, 7, 8, 84, 17, 45, 60, 
2. route: 0, 95, 59, 98, 61, 16, 85, 93, 99, 96, 6, 89, 
3. route: 0, 69, 76, 12, 21, 73, 72, 40, 26, 54, 55, 
4. route: 0, 2, 75, 22, 41, 87, 57, 15, 43, 100, 91, 
5. route: 0, 83, 5, 82, 18, 94, 97, 37, 92, 13, 58, 
6. route: 0, 30, 70, 51, 81, 33, 79, 3, 50, 1, 77, 
7. route: 0, 29, 78, 71, 9, 34, 35, 65, 
8. route: 0, 63, 11, 19, 47, 49, 36, 64, 
9. route: 0, 62, 53, 86, 44, 42, 74, 
10. route: 0, 14, 38, 46, 48, 32, 
11. route: 0, 23, 39, 67, 25, 4, 56, 24, 80, 
12. route: 0, 90, 10, 20, 66, 68, 
Total distance: 1521.46
-----------------------------------------
/r1/r111.txt
Printing routes for 13 vehicles
1. route: 0, 27, 28, 69, 62, 88, 7, 18, 83, 60, 5, 93, 59, 
2. route: 0, 92, 98, 37, 42, 44, 16, 61, 85, 91, 100, 97, 95, 96, 
3. route: 0, 52, 31, 30, 33, 79, 78, 81, 51, 20, 32, 
4. route: 0, 12, 29, 76, 53, 40, 73, 74, 56, 75, 72, 
5. route: 0, 1, 11, 64, 36, 49, 47, 46, 82, 
6. route: 0, 45, 15, 87, 6, 94, 13, 2, 21, 
7. route: 0, 39, 23, 67, 22, 41, 57, 43, 58, 
8. route: 0, 19, 48, 99, 84, 17, 86, 14, 89, 
9. route: 0, 63, 90, 9, 71, 66, 35, 34, 77, 
10. route: 0, 65, 3, 50, 68, 80, 24, 54, 26, 
11. route: 0, 38, 10, 70, 
12. route: 0, 8, 55, 25, 
13. route: 0, 4, 
Total distance: 1614.22
-----------------------------------------
/r1/r112.txt
Printing routes for 11 vehicles
1. route: 0, 27, 28, 76, 12, 80, 68, 3, 79, 81, 33, 50, 
2. route: 0, 52, 88, 31, 69, 1, 30, 51, 9, 78, 34, 77, 
3. route: 0, 95, 92, 59, 99, 93, 85, 98, 37, 100, 16, 91, 14, 
4. route: 0, 21, 73, 72, 75, 22, 41, 2, 87, 94, 96, 97, 13, 
5. route: 0, 83, 5, 61, 84, 17, 45, 8, 82, 48, 47, 89, 
6. route: 0, 62, 7, 18, 60, 6, 53, 40, 58, 26, 54, 
7. route: 0, 42, 15, 57, 43, 44, 86, 38, 
8. route: 0, 29, 24, 55, 25, 39, 23, 67, 56, 
9. route: 0, 19, 11, 63, 90, 32, 10, 70, 20, 66, 
10. route: 0, 71, 35, 65, 64, 36, 
11. route: 0, 46, 49, 74, 4, 
Total distance: 1352.85
-----------------------------------------
/r2/r207.txt
Printing routes for 3 vehicles
1. route: 0, 92, 59, 42, 45, 36, 11, 62, 33, 27, 69, 30, 88, 64, 76, 79, 78, 9, 40, 53, 6, 84, 5, 60, 83, 18, 10, 90, 63, 66, 20, 68, 80, 4, 74, 72, 73, 21, 75, 25, 54, 
2. route: 0, 28, 26, 39, 15, 43, 44, 14, 91, 85, 98, 37, 99, 96, 94, 95, 87, 23, 67, 22, 41, 57, 2, 8, 82, 48, 49, 19, 47, 46, 7, 52, 89, 13, 56, 55, 24, 29, 35, 71, 51, 81, 34, 3, 77, 
3. route: 0, 12, 50, 1, 65, 32, 31, 38, 86, 16, 61, 97, 17, 100, 93, 58, 70, 
Total distance: 1432.07
-----------------------------------------
/r2/r208.txt
Printing routes for 3 vehicles
1. route: 0, 92, 59, 93, 85, 91, 98, 37, 97, 95, 94, 6, 96, 44, 15, 23, 67, 69, 11, 76, 79, 9, 81, 33, 53, 84, 5, 60, 83, 18, 52, 89, 13, 2, 57, 42, 100, 16, 61, 17, 45, 46, 47, 36, 49, 64, 63, 
2. route: 0, 27, 28, 26, 12, 80, 68, 3, 50, 1, 62, 10, 90, 32, 30, 70, 31, 88, 7, 82, 8, 99, 87, 38, 14, 43, 41, 22, 75, 56, 39, 55, 54, 24, 29, 78, 34, 35, 71, 66, 20, 51, 77, 4, 74, 72, 73, 21, 40, 58, 25, 
3. route: 0, 48, 19, 86, 65, 
Total distance: 1231.63
-----------------------------------------
/r2/r209.txt
Printing routes for 3 vehicles
1. route: 0, 27, 69, 28, 95, 59, 92, 5, 83, 82, 47, 31, 52, 63, 11, 19, 7, 98, 61, 16, 14, 44, 86, 85, 99, 94, 6, 40, 53, 3, 33, 9, 34, 78, 20, 66, 32, 70, 1, 77, 68, 80, 24, 55, 25, 4, 74, 58, 13, 
2. route: 0, 72, 23, 39, 2, 15, 42, 21, 75, 12, 76, 29, 79, 71, 51, 30, 81, 73, 87, 57, 22, 41, 67, 56, 26, 50, 10, 36, 48, 60, 89, 93, 91, 100, 17, 35, 
3. route: 0, 62, 64, 88, 45, 38, 8, 84, 18, 90, 65, 49, 46, 96, 97, 37, 43, 54, 
Total distance: 1602.38
-----------------------------------------
/r2/r210.txt
Printing routes for 3 vehicles
1. route: 0, 92, 59, 98, 42, 14, 16, 45, 36, 62, 11, 69, 27, 76, 39, 67, 99, 87, 40, 53, 28, 61, 6, 18, 7, 82, 90, 10, 31, 52, 94, 95, 97, 2, 13, 83, 5, 60, 96, 93, 37, 100, 91, 89, 
2. route: 0, 33, 29, 65, 71, 64, 63, 30, 88, 44, 38, 86, 85, 8, 84, 19, 47, 49, 81, 51, 20, 66, 12, 21, 56, 74, 72, 4, 68, 3, 77, 50, 34, 26, 58, 80, 
3. route: 0, 75, 15, 23, 73, 57, 78, 79, 9, 22, 41, 43, 46, 48, 55, 54, 24, 35, 32, 70, 1, 17, 25, 
Total distance: 1785.95
-----------------------------------------
/r2/r211.txt
Printing routes for 3 vehicles
1. route: 0, 27, 28, 69, 31, 52, 82, 83, 5, 61, 16, 44, 14, 42, 15, 57, 2, 87, 95, 92, 98, 85, 99, 59, 94, 6, 18, 7, 88, 62, 11, 64, 19, 47, 36, 49, 8, 84, 17, 46, 10, 20, 50, 26, 56, 54, 55, 25, 4, 74, 
2. route: 0, 72, 21, 75, 23, 39, 67, 73, 12, 76, 33, 79, 78, 81, 9, 71, 65, 30, 51, 29, 3, 40, 53, 58, 38, 86, 22, 41, 97, 37, 100, 91, 96, 93, 60, 89, 13, 43, 68, 80, 77, 24, 
3. route: 0, 45, 63, 90, 34, 70, 66, 35, 1, 32, 48, 
Total distance: 1349.43
-----------------------------------------
/rc1/rc105.txt
Printing routes for 16 vehicles
1. route: 0, 92, 95, 64, 83, 99, 52, 57, 74, 58, 
2. route: 0, 65, 82, 69, 88, 98, 53, 10, 12, 17, 60, 
3. route: 0, 42, 39, 36, 38, 40, 41, 72, 54, 96, 93, 
4. route: 0, 45, 5, 3, 1, 8, 6, 7, 2, 70, 100, 
5. route: 0, 14, 47, 15, 16, 9, 59, 97, 75, 
6. route: 0, 62, 67, 71, 94, 56, 91, 80, 
7. route: 0, 63, 85, 33, 30, 28, 26, 31, 34, 32, 
8. route: 0, 61, 81, 90, 66, 68, 
9. route: 0, 11, 78, 73, 46, 4, 
10. route: 0, 44, 37, 43, 35, 
11. route: 0, 27, 29, 51, 20, 24, 48, 
12. route: 0, 23, 21, 19, 49, 89, 50, 
13. route: 0, 76, 84, 77, 
14. route: 0, 86, 87, 13, 
15. route: 0, 18, 22, 55, 
16. route: 0, 79, 25, 
Total distance: 2034.11
-----------------------------------------
/rc1/rc106.txt
Printing routes for 14 vehicles
1. route: 0, 65, 83, 64, 92, 67, 94, 96, 54, 93, 91, 80, 
2. route: 0, 95, 62, 63, 85, 51, 76, 49, 20, 24, 
3. route: 0, 69, 98, 82, 52, 99, 86, 57, 74, 58, 
4. route: 0, 72, 71, 42, 44, 38, 41, 37, 35, 
5. route: 0, 2, 45, 5, 8, 7, 6, 46, 4, 3, 1, 
6. route: 0, 14, 47, 15, 16, 11, 12, 9, 10, 13, 17, 
7. route: 0, 39, 36, 40, 61, 81, 68, 55, 100, 70, 
8. route: 0, 59, 75, 87, 97, 77, 25, 
9. route: 0, 88, 53, 78, 73, 60, 
10. route: 0, 23, 21, 18, 19, 22, 48, 89, 
11. route: 0, 31, 29, 27, 28, 30, 32, 34, 26, 
12. route: 0, 33, 84, 90, 66, 56, 
13. route: 0, 79, 43, 
14. route: 0, 50, 
Total distance: 1778.93
-----------------------------------------
/rc1/rc107.txt
Printing routes for 12 vehicles
1. route: 0, 69, 82, 98, 88, 2, 7, 6, 46, 8, 45, 
2. route: 0, 65, 83, 52, 99, 86, 59, 87, 97, 58, 74, 
3. route: 0, 95, 92, 67, 71, 94, 96, 54, 41, 39, 68, 
4. route: 0, 64, 63, 51, 85, 76, 89, 33, 
5. route: 0, 72, 61, 81, 90, 53, 78, 60, 55, 
6. route: 0, 14, 47, 17, 16, 15, 12, 11, 10, 9, 13, 
7. route: 0, 62, 31, 29, 28, 30, 32, 34, 26, 27, 
8. route: 0, 5, 73, 79, 3, 1, 4, 100, 70, 
9. route: 0, 44, 42, 38, 40, 36, 35, 37, 43, 
10. route: 0, 21, 23, 19, 49, 18, 48, 22, 20, 24, 
11. route: 0, 75, 77, 57, 84, 56, 66, 80, 
12. route: 0, 25, 50, 93, 91, 
Total distance: 1618.36
-----------------------------------------
/rc1/rc108.txt
Printing routes for 12 vehicles
1. route: 0, 69, 98, 88, 82, 99, 52, 86, 74, 57, 83, 66, 91, 
2. route: 0, 65, 64, 95, 84, 85, 63, 76, 51, 20, 24, 
3. route: 0, 92, 67, 62, 94, 71, 93, 96, 54, 72, 39, 
4. route: 0, 61, 70, 100, 81, 90, 80, 56, 68, 
5. route: 0, 12, 14, 47, 17, 16, 15, 11, 10, 9, 13, 
6. route: 0, 44, 42, 40, 38, 37, 36, 35, 41, 43, 
7. route: 0, 2, 45, 5, 8, 7, 6, 46, 4, 3, 1, 
8. route: 0, 19, 21, 23, 25, 18, 48, 49, 22, 77, 
9. route: 0, 73, 78, 79, 53, 60, 55, 
10. route: 0, 59, 58, 87, 97, 75, 
11. route: 0, 30, 32, 28, 26, 27, 29, 31, 34, 33, 
12. route: 0, 89, 50, 
Total distance: 1505.2
-----------------------------------------
/rc2/rc205.txt
Printing routes for 5 vehicles
1. route: 0, 92, 65, 82, 98, 45, 5, 39, 69, 11, 47, 14, 12, 16, 88, 61, 81, 53, 52, 90, 57, 10, 97, 66, 68, 54, 96, 50, 26, 89, 48, 
2. route: 0, 42, 36, 72, 33, 28, 27, 29, 31, 62, 63, 64, 67, 71, 40, 41, 84, 95, 49, 20, 85, 56, 94, 55, 4, 3, 1, 35, 37, 93, 80, 91, 70, 100, 
3. route: 0, 83, 21, 59, 75, 15, 23, 19, 76, 30, 34, 51, 22, 18, 86, 7, 46, 43, 74, 13, 17, 60, 24, 25, 58, 
4. route: 0, 2, 44, 38, 99, 87, 9, 78, 6, 32, 77, 
5. route: 0, 73, 79, 8, 
Total distance: 2467.93
-----------------------------------------
/rc2/rc206.txt
Printing routes for 4 vehicles
1. route: 0, 65, 92, 95, 63, 62, 33, 28, 27, 29, 31, 30, 83, 64, 82, 98, 88, 12, 16, 73, 7, 6, 8, 79, 46, 3, 4, 1, 10, 13, 97, 74, 58, 77, 24, 25, 48, 89, 80, 
2. route: 0, 72, 39, 42, 36, 45, 5, 2, 14, 47, 15, 59, 52, 99, 11, 9, 75, 87, 86, 57, 18, 22, 49, 20, 56, 66, 50, 26, 32, 54, 68, 70, 100, 60, 17, 
3. route: 0, 69, 23, 21, 19, 76, 67, 71, 44, 38, 40, 61, 81, 94, 51, 85, 84, 34, 96, 37, 35, 43, 55, 91, 93, 
4. route: 0, 90, 53, 78, 41, 
Total distance: 1740.58
-----------------------------------------
/rc2/rc207.txt
Printing routes for 4 vehicles
1. route: 0, 69, 83, 64, 95, 92, 67, 62, 63, 76, 19, 21, 23, 52, 82, 98, 47, 12, 14, 16, 15, 11, 87, 86, 57, 99, 65, 53, 9, 10, 78, 45, 4, 1, 54, 39, 35, 68, 55, 60, 100, 70, 
2. route: 0, 72, 42, 44, 36, 2, 5, 88, 61, 71, 31, 29, 28, 30, 33, 85, 51, 18, 49, 22, 90, 79, 6, 46, 41, 37, 43, 32, 56, 91, 80, 93, 
3. route: 0, 59, 38, 75, 73, 7, 8, 81, 94, 84, 50, 34, 27, 26, 96, 20, 24, 25, 48, 77, 58, 74, 66, 89, 
4. route: 0, 40, 3, 97, 13, 17, 
Total distance: 2037.35
-----------------------------------------
/rc2/rc208.txt
Printing routes for 3 vehicles
1. route: 0, 69, 98, 82, 65, 83, 64, 95, 92, 67, 62, 85, 63, 76, 51, 84, 19, 21, 23, 18, 49, 22, 20, 24, 52, 99, 11, 12, 15, 16, 47, 14, 9, 86, 57, 59, 97, 10, 13, 17, 60, 55, 100, 70, 68, 54, 93, 91, 80, 
2. route: 0, 2, 45, 5, 88, 61, 44, 42, 39, 38, 40, 36, 41, 72, 71, 94, 81, 90, 53, 73, 79, 7, 6, 8, 46, 4, 3, 1, 78, 66, 56, 50, 34, 26, 32, 96, 35, 
3. route: 0, 31, 29, 27, 28, 30, 33, 75, 87, 89, 25, 48, 77, 58, 74, 37, 43, 
Total distance: 1442.36
-----------------------------------------
[Training fitness: 89395.7]
[Test fitness: 82090.2]
Elapsed time: 0.132 seconds
