/C1/c101.txt
Printing routes for 21 vehicles
1. route: 0, 20, 21, 47, 
2. route: 0, 22, 49, 
3. route: 0, 67, 65, 63, 62, 66, 69, 75, 
4. route: 0, 23, 52, 
5. route: 0, 24, 25, 27, 28, 26, 34, 50, 
6. route: 0, 5, 3, 4, 1, 
7. route: 0, 7, 8, 9, 6, 2, 
8. route: 0, 43, 42, 41, 40, 44, 45, 48, 51, 91, 
9. route: 0, 10, 11, 12, 99, 
10. route: 0, 74, 72, 61, 64, 68, 
11. route: 0, 29, 30, 36, 
12. route: 0, 46, 59, 80, 
13. route: 0, 90, 89, 
14. route: 0, 87, 86, 84, 85, 88, 
15. route: 0, 13, 17, 18, 19, 15, 16, 14, 100, 
16. route: 0, 98, 96, 95, 94, 93, 97, 79, 
17. route: 0, 32, 33, 31, 35, 37, 38, 39, 
18. route: 0, 83, 82, 77, 
19. route: 0, 57, 55, 54, 53, 56, 58, 60, 
20. route: 0, 92, 73, 
21. route: 0, 81, 78, 76, 71, 70, 
Total distance: 1870.69
-----------------------------------------
/C1/c102.txt
Printing routes for 19 vehicles
1. route: 0, 20, 21, 22, 26, 7, 3, 
2. route: 0, 67, 65, 63, 62, 66, 69, 72, 
3. route: 0, 23, 5, 75, 1, 2, 
4. route: 0, 24, 25, 27, 28, 34, 37, 31, 52, 49, 
5. route: 0, 43, 42, 41, 40, 44, 45, 48, 50, 47, 
6. route: 0, 10, 11, 9, 6, 4, 98, 96, 95, 
7. route: 0, 8, 99, 94, 85, 83, 
8. route: 0, 74, 61, 64, 68, 59, 91, 82, 
9. route: 0, 29, 30, 36, 51, 12, 
10. route: 0, 46, 60, 80, 
11. route: 0, 90, 89, 
12. route: 0, 87, 86, 84, 88, 
13. route: 0, 13, 17, 18, 19, 15, 16, 14, 100, 
14. route: 0, 32, 33, 35, 38, 39, 
15. route: 0, 57, 55, 54, 53, 56, 58, 79, 
16. route: 0, 97, 
17. route: 0, 93, 77, 
18. route: 0, 92, 73, 
19. route: 0, 81, 78, 76, 71, 70, 
Total distance: 1992.46
-----------------------------------------
/C1/c103.txt
Printing routes for 17 vehicles
1. route: 0, 20, 21, 22, 24, 26, 28, 
2. route: 0, 67, 65, 63, 62, 66, 69, 61, 72, 
3. route: 0, 23, 29, 34, 32, 
4. route: 0, 5, 3, 4, 7, 75, 1, 2, 
5. route: 0, 25, 27, 30, 36, 37, 31, 52, 49, 
6. route: 0, 43, 42, 41, 40, 44, 45, 46, 48, 50, 51, 47, 
7. route: 0, 10, 11, 9, 6, 99, 96, 95, 94, 
8. route: 0, 8, 98, 97, 100, 91, 89, 86, 85, 
9. route: 0, 74, 64, 68, 57, 59, 54, 
10. route: 0, 90, 87, 88, 83, 82, 81, 73, 
11. route: 0, 13, 17, 18, 19, 15, 16, 14, 12, 
12. route: 0, 84, 79, 80, 71, 60, 
13. route: 0, 33, 35, 38, 39, 
14. route: 0, 55, 53, 56, 58, 77, 
15. route: 0, 93, 
16. route: 0, 92, 
17. route: 0, 78, 76, 70, 
Total distance: 1656.8
-----------------------------------------
/C1/c104.txt
Printing routes for 15 vehicles
1. route: 0, 20, 21, 22, 23, 26, 28, 27, 24, 
2. route: 0, 67, 65, 63, 62, 66, 69, 68, 64, 
3. route: 0, 5, 3, 4, 6, 7, 10, 75, 
4. route: 0, 25, 29, 30, 34, 36, 39, 37, 35, 31, 32, 
5. route: 0, 43, 42, 41, 40, 44, 45, 46, 48, 50, 51, 52, 49, 
6. route: 0, 47, 61, 72, 74, 90, 89, 88, 85, 86, 83, 82, 
7. route: 0, 8, 9, 2, 1, 98, 96, 95, 
8. route: 0, 11, 17, 18, 19, 16, 14, 12, 
9. route: 0, 91, 87, 84, 94, 93, 97, 81, 78, 
10. route: 0, 13, 15, 99, 71, 70, 73, 
11. route: 0, 33, 38, 59, 57, 54, 56, 80, 
12. route: 0, 55, 53, 58, 60, 79, 
13. route: 0, 100, 
14. route: 0, 92, 77, 
15. route: 0, 76, 
Total distance: 1702.63
-----------------------------------------
/C2/c201.txt
Printing routes for 15 vehicles
1. route: 0, 93, 5, 75, 2, 1, 99, 100, 97, 95, 98, 7, 3, 4, 89, 91, 88, 86, 83, 82, 77, 87, 90, 
2. route: 0, 20, 22, 24, 27, 29, 6, 32, 33, 34, 28, 26, 23, 25, 9, 11, 10, 8, 21, 96, 
3. route: 0, 48, 
4. route: 0, 67, 63, 62, 66, 69, 68, 65, 49, 55, 57, 40, 44, 46, 45, 42, 41, 78, 
5. route: 0, 43, 81, 
6. route: 0, 47, 80, 79, 
7. route: 0, 74, 72, 61, 64, 54, 59, 51, 50, 52, 13, 
8. route: 0, 30, 36, 18, 17, 73, 
9. route: 0, 84, 85, 76, 71, 70, 
10. route: 0, 31, 35, 37, 38, 39, 19, 15, 
11. route: 0, 12, 
12. route: 0, 14, 
13. route: 0, 16, 
14. route: 0, 94, 53, 56, 58, 60, 
15. route: 0, 92, 
Total distance: 1880.47
-----------------------------------------
/C2/c202.txt
Printing routes for 14 vehicles
1. route: 0, 93, 5, 75, 2, 1, 99, 100, 97, 95, 94, 98, 7, 3, 4, 89, 91, 88, 86, 83, 82, 77, 87, 96, 
2. route: 0, 20, 22, 24, 27, 29, 6, 32, 33, 34, 36, 37, 31, 52, 50, 51, 47, 43, 42, 41, 48, 21, 26, 12, 
3. route: 0, 8, 90, 72, 
4. route: 0, 67, 63, 62, 66, 69, 68, 65, 49, 55, 57, 40, 44, 46, 45, 59, 80, 79, 81, 78, 85, 
5. route: 0, 10, 
6. route: 0, 11, 
7. route: 0, 74, 61, 64, 54, 53, 56, 58, 60, 73, 9, 
8. route: 0, 30, 25, 
9. route: 0, 23, 18, 17, 13, 
10. route: 0, 84, 76, 71, 70, 
11. route: 0, 15, 
12. route: 0, 28, 19, 16, 14, 
13. route: 0, 35, 38, 39, 
14. route: 0, 92, 
Total distance: 1603.09
-----------------------------------------
/C2/c203.txt
Printing routes for 11 vehicles
1. route: 0, 93, 5, 75, 2, 1, 99, 100, 97, 95, 94, 98, 7, 3, 4, 89, 91, 88, 86, 84, 83, 82, 77, 87, 96, 
2. route: 0, 20, 22, 24, 27, 29, 6, 32, 33, 34, 36, 37, 31, 52, 50, 51, 45, 42, 41, 43, 47, 48, 63, 61, 
3. route: 0, 8, 21, 26, 28, 
4. route: 0, 67, 66, 69, 68, 65, 49, 55, 57, 40, 44, 46, 59, 54, 60, 72, 90, 78, 81, 73, 71, 85, 
5. route: 0, 10, 12, 14, 16, 19, 
6. route: 0, 62, 74, 64, 53, 56, 58, 80, 79, 11, 18, 
7. route: 0, 30, 25, 9, 
8. route: 0, 23, 17, 13, 
9. route: 0, 15, 70, 
10. route: 0, 35, 38, 39, 76, 
11. route: 0, 92, 
Total distance: 1583.7
-----------------------------------------
/C2/c204.txt
Printing routes for 9 vehicles
1. route: 0, 93, 5, 75, 2, 1, 99, 100, 97, 95, 94, 98, 7, 3, 4, 89, 91, 88, 86, 84, 83, 82, 77, 78, 81, 73, 
2. route: 0, 20, 22, 24, 27, 29, 30, 21, 8, 10, 17, 18, 
3. route: 0, 48, 43, 42, 41, 45, 50, 51, 52, 47, 46, 44, 40, 57, 59, 54, 56, 60, 49, 65, 68, 64, 61, 72, 66, 63, 
4. route: 0, 67, 69, 96, 87, 90, 
5. route: 0, 62, 74, 55, 53, 58, 31, 32, 33, 34, 36, 39, 37, 35, 6, 28, 26, 25, 9, 11, 12, 14, 16, 19, 
6. route: 0, 23, 13, 85, 71, 70, 80, 
7. route: 0, 15, 79, 
8. route: 0, 38, 76, 
9. route: 0, 92, 
Total distance: 1446.73
-----------------------------------------
/R1/r101.txt
Printing routes for 37 vehicles
1. route: 0, 53, 58, 
2. route: 0, 27, 69, 1, 70, 
3. route: 0, 28, 26, 80, 
4. route: 0, 89, 
5. route: 0, 6, 96, 93, 
6. route: 0, 13, 100, 
7. route: 0, 40, 74, 25, 
8. route: 0, 52, 18, 60, 
9. route: 0, 94, 97, 91, 
10. route: 0, 95, 99, 85, 37, 17, 
11. route: 0, 12, 76, 77, 
12. route: 0, 50, 68, 
13. route: 0, 31, 88, 7, 48, 
14. route: 0, 59, 98, 61, 84, 43, 
15. route: 0, 2, 57, 56, 4, 
16. route: 0, 21, 73, 22, 55, 24, 
17. route: 0, 87, 54, 
18. route: 0, 92, 42, 15, 41, 
19. route: 0, 5, 83, 8, 46, 
20. route: 0, 3, 35, 
21. route: 0, 72, 75, 34, 
22. route: 0, 82, 19, 49, 32, 
23. route: 0, 33, 81, 20, 
24. route: 0, 10, 
25. route: 0, 30, 51, 9, 66, 
26. route: 0, 62, 11, 90, 
27. route: 0, 79, 
28. route: 0, 16, 86, 
29. route: 0, 45, 47, 
30. route: 0, 29, 78, 
31. route: 0, 44, 38, 
32. route: 0, 14, 
33. route: 0, 39, 23, 67, 
34. route: 0, 63, 64, 
35. route: 0, 71, 
36. route: 0, 36, 
37. route: 0, 65, 
Total distance: 2623.24
-----------------------------------------
/R1/r102.txt
Printing routes for 34 vehicles
1. route: 0, 53, 58, 
2. route: 0, 27, 69, 1, 50, 77, 3, 
3. route: 0, 28, 26, 12, 80, 
4. route: 0, 89, 94, 
5. route: 0, 6, 96, 59, 93, 95, 
6. route: 0, 13, 2, 21, 
7. route: 0, 40, 72, 74, 75, 
8. route: 0, 52, 18, 60, 83, 5, 
9. route: 0, 76, 68, 24, 
10. route: 0, 97, 37, 98, 85, 91, 
11. route: 0, 31, 88, 7, 82, 48, 17, 100, 
12. route: 0, 99, 84, 70, 
13. route: 0, 87, 57, 43, 
14. route: 0, 92, 42, 15, 41, 56, 4, 25, 
15. route: 0, 73, 22, 55, 34, 
16. route: 0, 54, 
17. route: 0, 33, 81, 35, 
18. route: 0, 10, 32, 
19. route: 0, 30, 20, 
20. route: 0, 61, 86, 
21. route: 0, 62, 11, 90, 66, 
22. route: 0, 79, 
23. route: 0, 8, 46, 
24. route: 0, 51, 9, 
25. route: 0, 16, 
26. route: 0, 45, 47, 19, 49, 
27. route: 0, 29, 78, 
28. route: 0, 44, 38, 
29. route: 0, 14, 
30. route: 0, 39, 23, 67, 
31. route: 0, 63, 64, 
32. route: 0, 71, 
33. route: 0, 36, 
34. route: 0, 65, 
Total distance: 2442.78
-----------------------------------------
/R1/r103.txt
Printing routes for 25 vehicles
1. route: 0, 53, 58, 
2. route: 0, 27, 28, 26, 12, 80, 
3. route: 0, 89, 6, 94, 95, 97, 59, 93, 96, 
4. route: 0, 13, 2, 57, 
5. route: 0, 40, 21, 73, 72, 74, 75, 54, 
6. route: 0, 52, 18, 60, 83, 84, 5, 61, 16, 91, 85, 98, 
7. route: 0, 69, 1, 50, 77, 3, 
8. route: 0, 76, 68, 29, 24, 
9. route: 0, 31, 88, 7, 82, 48, 47, 19, 63, 
10. route: 0, 99, 37, 100, 
11. route: 0, 87, 14, 43, 86, 
12. route: 0, 92, 42, 15, 41, 56, 4, 25, 
13. route: 0, 70, 
14. route: 0, 33, 81, 9, 51, 20, 32, 90, 
15. route: 0, 10, 71, 
16. route: 0, 30, 66, 34, 
17. route: 0, 62, 11, 49, 46, 17, 
18. route: 0, 79, 35, 
19. route: 0, 8, 
20. route: 0, 22, 55, 
21. route: 0, 45, 44, 38, 
22. route: 0, 78, 
23. route: 0, 39, 23, 67, 
24. route: 0, 36, 64, 
25. route: 0, 65, 
Total distance: 1972.04
-----------------------------------------
/R1/r104.txt
Printing routes for 18 vehicles
1. route: 0, 53, 58, 
2. route: 0, 27, 28, 26, 12, 80, 68, 77, 3, 
3. route: 0, 89, 6, 94, 95, 97, 87, 2, 57, 42, 100, 37, 
4. route: 0, 13, 96, 59, 
5. route: 0, 40, 21, 73, 72, 74, 22, 75, 
6. route: 0, 52, 18, 60, 83, 84, 5, 61, 16, 91, 85, 93, 
7. route: 0, 69, 1, 50, 33, 81, 78, 34, 35, 71, 
8. route: 0, 76, 79, 29, 24, 54, 25, 
9. route: 0, 31, 88, 7, 82, 48, 47, 36, 49, 19, 10, 70, 
10. route: 0, 99, 98, 14, 43, 41, 
11. route: 0, 92, 44, 86, 17, 45, 46, 
12. route: 0, 4, 56, 39, 
13. route: 0, 30, 20, 51, 9, 66, 65, 32, 
14. route: 0, 62, 11, 63, 90, 64, 
15. route: 0, 8, 
16. route: 0, 15, 55, 
17. route: 0, 23, 67, 
18. route: 0, 38, 
Total distance: 1519.35
-----------------------------------------
/R1/r105.txt
Printing routes for 27 vehicles
1. route: 0, 53, 58, 
2. route: 0, 27, 28, 26, 54, 80, 77, 
3. route: 0, 89, 93, 
4. route: 0, 6, 94, 96, 97, 13, 100, 
5. route: 0, 40, 73, 74, 4, 25, 
6. route: 0, 52, 18, 60, 17, 
7. route: 0, 69, 1, 70, 
8. route: 0, 95, 92, 37, 91, 
9. route: 0, 12, 76, 50, 3, 68, 24, 
10. route: 0, 31, 88, 7, 48, 
11. route: 0, 99, 85, 84, 43, 
12. route: 0, 59, 98, 61, 16, 86, 46, 
13. route: 0, 2, 57, 87, 56, 
14. route: 0, 21, 75, 22, 41, 55, 
15. route: 0, 5, 83, 8, 49, 32, 
16. route: 0, 72, 23, 67, 35, 
17. route: 0, 82, 47, 19, 10, 20, 
18. route: 0, 33, 81, 9, 34, 
19. route: 0, 30, 51, 79, 66, 
20. route: 0, 42, 14, 44, 38, 
21. route: 0, 62, 11, 90, 
22. route: 0, 45, 36, 64, 
23. route: 0, 29, 78, 
24. route: 0, 15, 
25. route: 0, 39, 
26. route: 0, 63, 71, 
27. route: 0, 65, 
Total distance: 2238.6
-----------------------------------------
/R1/r106.txt
Printing routes for 28 vehicles
1. route: 0, 53, 58, 2, 
2. route: 0, 27, 28, 26, 12, 80, 77, 50, 
3. route: 0, 89, 94, 95, 
4. route: 0, 6, 96, 59, 93, 85, 98, 
5. route: 0, 13, 37, 100, 
6. route: 0, 40, 21, 72, 74, 75, 25, 
7. route: 0, 52, 18, 60, 83, 5, 
8. route: 0, 69, 1, 70, 31, 
9. route: 0, 76, 3, 79, 78, 34, 35, 
10. route: 0, 97, 91, 17, 
11. route: 0, 99, 61, 84, 82, 48, 7, 
12. route: 0, 87, 57, 43, 
13. route: 0, 92, 42, 14, 44, 16, 86, 4, 
14. route: 0, 88, 10, 32, 
15. route: 0, 73, 22, 41, 56, 55, 24, 
16. route: 0, 68, 54, 
17. route: 0, 33, 81, 9, 20, 66, 
18. route: 0, 30, 51, 90, 
19. route: 0, 62, 11, 19, 49, 46, 
20. route: 0, 8, 
21. route: 0, 45, 47, 64, 
22. route: 0, 29, 71, 
23. route: 0, 15, 23, 
24. route: 0, 39, 67, 
25. route: 0, 63, 
26. route: 0, 36, 
27. route: 0, 38, 
28. route: 0, 65, 
Total distance: 2168.74
-----------------------------------------
/R2/r201.txt
Printing routes for 15 vehicles
1. route: 0, 53, 58, 89, 93, 100, 70, 
2. route: 0, 27, 28, 26, 54, 80, 77, 25, 
3. route: 0, 6, 94, 96, 97, 37, 91, 17, 60, 13, 48, 
4. route: 0, 40, 73, 74, 4, 55, 24, 1, 
5. route: 0, 52, 18, 7, 8, 46, 10, 32, 66, 35, 68, 
6. route: 0, 69, 31, 88, 62, 11, 19, 49, 20, 50, 56, 43, 
7. route: 0, 95, 92, 59, 99, 85, 84, 86, 57, 3, 34, 
8. route: 0, 12, 76, 79, 78, 81, 9, 51, 90, 
9. route: 0, 2, 87, 41, 22, 
10. route: 0, 21, 75, 23, 67, 61, 38, 
11. route: 0, 5, 83, 45, 82, 47, 36, 64, 30, 71, 
12. route: 0, 98, 16, 44, 
13. route: 0, 72, 39, 29, 15, 
14. route: 0, 33, 65, 63, 14, 
15. route: 0, 42, 
Total distance: 1984.96
-----------------------------------------
/R2/r202.txt
Printing routes for 14 vehicles
1. route: 0, 53, 58, 2, 21, 72, 75, 25, 
2. route: 0, 27, 28, 26, 12, 80, 77, 3, 50, 1, 70, 31, 52, 
3. route: 0, 89, 94, 95, 59, 93, 85, 91, 100, 37, 98, 96, 5, 83, 82, 7, 
4. route: 0, 6, 99, 97, 13, 60, 17, 48, 34, 
5. route: 0, 40, 73, 74, 4, 55, 24, 35, 
6. route: 0, 69, 88, 62, 10, 32, 66, 68, 
7. route: 0, 76, 79, 78, 81, 9, 51, 20, 54, 56, 
8. route: 0, 18, 8, 46, 43, 
9. route: 0, 87, 57, 41, 22, 
10. route: 0, 92, 42, 14, 44, 16, 61, 84, 86, 49, 
11. route: 0, 33, 29, 71, 30, 90, 
12. route: 0, 45, 47, 36, 19, 11, 64, 38, 
13. route: 0, 15, 23, 67, 
14. route: 0, 39, 65, 63, 
Total distance: 1812.99
-----------------------------------------
/R2/r203.txt
Printing routes for 11 vehicles
1. route: 0, 53, 58, 2, 57, 97, 95, 94, 96, 59, 89, 
2. route: 0, 27, 28, 26, 12, 80, 77, 3, 50, 1, 70, 31, 52, 
3. route: 0, 6, 99, 93, 85, 91, 100, 37, 98, 61, 16, 86, 14, 
4. route: 0, 13, 5, 60, 83, 18, 82, 48, 47, 19, 7, 46, 63, 90, 32, 
5. route: 0, 40, 21, 73, 72, 74, 75, 4, 55, 25, 54, 24, 29, 34, 81, 51, 20, 
6. route: 0, 69, 88, 62, 10, 66, 71, 35, 68, 43, 17, 
7. route: 0, 76, 79, 78, 9, 56, 
8. route: 0, 87, 41, 22, 
9. route: 0, 92, 42, 15, 44, 38, 84, 8, 49, 
10. route: 0, 33, 30, 11, 64, 
11. route: 0, 45, 36, 65, 39, 23, 67, 
Total distance: 1532.72
-----------------------------------------
/R2/r204.txt
Printing routes for 10 vehicles
1. route: 0, 53, 58, 40, 21, 73, 72, 75, 22, 41, 
2. route: 0, 27, 28, 26, 12, 80, 68, 77, 3, 33, 81, 78, 34, 35, 71, 66, 
3. route: 0, 89, 6, 94, 95, 97, 92, 59, 99, 96, 93, 85, 91, 100, 37, 98, 61, 16, 86, 17, 45, 83, 60, 5, 
4. route: 0, 13, 2, 57, 42, 43, 14, 18, 52, 88, 31, 70, 30, 20, 51, 50, 
5. route: 0, 69, 1, 76, 79, 29, 24, 54, 55, 25, 39, 56, 7, 82, 48, 
6. route: 0, 87, 74, 4, 10, 90, 32, 63, 64, 49, 36, 47, 19, 46, 
7. route: 0, 84, 8, 65, 
8. route: 0, 62, 11, 9, 
9. route: 0, 15, 44, 38, 67, 
10. route: 0, 23, 
Total distance: 1381.01
-----------------------------------------
/R2/r205.txt
Printing routes for 8 vehicles
1. route: 0, 53, 58, 13, 89, 60, 93, 91, 100, 17, 48, 70, 
2. route: 0, 27, 28, 26, 54, 80, 68, 77, 1, 32, 35, 24, 25, 
3. route: 0, 6, 94, 96, 97, 37, 84, 46, 10, 20, 66, 55, 4, 74, 
4. route: 0, 40, 21, 73, 22, 75, 56, 41, 57, 43, 50, 3, 34, 
5. route: 0, 52, 18, 82, 7, 88, 19, 11, 90, 30, 51, 9, 81, 78, 79, 8, 49, 
6. route: 0, 69, 31, 62, 63, 64, 36, 47, 45, 83, 99, 98, 85, 61, 16, 44, 86, 38, 87, 
7. route: 0, 95, 92, 59, 5, 14, 42, 15, 2, 72, 23, 39, 67, 12, 76, 29, 71, 
8. route: 0, 33, 65, 
Total distance: 1519.37
-----------------------------------------
/R2/r206.txt
Printing routes for 8 vehicles
1. route: 0, 53, 58, 13, 94, 95, 59, 93, 85, 91, 100, 37, 98, 96, 5, 83, 82, 48, 
2. route: 0, 27, 28, 26, 12, 80, 68, 77, 3, 50, 1, 70, 31, 52, 89, 60, 17, 7, 
3. route: 0, 6, 99, 97, 87, 2, 57, 43, 74, 72, 21, 75, 56, 4, 55, 25, 54, 24, 34, 35, 
4. route: 0, 40, 73, 22, 41, 23, 67, 76, 79, 78, 81, 9, 20, 66, 32, 10, 46, 
5. route: 0, 69, 88, 62, 11, 19, 47, 49, 90, 51, 18, 8, 84, 
6. route: 0, 92, 42, 14, 44, 16, 61, 86, 38, 30, 71, 
7. route: 0, 33, 29, 39, 15, 45, 64, 
8. route: 0, 63, 36, 65, 
Total distance: 1513.05
-----------------------------------------
/RC1/rc101.txt
Printing routes for 27 vehicles
1. route: 0, 90, 80, 
2. route: 0, 69, 98, 53, 60, 100, 70, 
3. route: 0, 68, 55, 93, 
4. route: 0, 65, 66, 56, 91, 
5. route: 0, 81, 54, 96, 
6. route: 0, 82, 99, 57, 86, 74, 58, 
7. route: 0, 92, 94, 84, 24, 25, 
8. route: 0, 61, 41, 37, 35, 
9. route: 0, 88, 78, 79, 46, 4, 1, 
10. route: 0, 83, 64, 51, 85, 50, 32, 
11. route: 0, 95, 62, 67, 71, 34, 
12. route: 0, 52, 87, 97, 13, 17, 
13. route: 0, 72, 38, 40, 43, 
14. route: 0, 2, 6, 7, 3, 
15. route: 0, 10, 77, 
16. route: 0, 12, 11, 9, 20, 48, 
17. route: 0, 42, 44, 8, 
18. route: 0, 22, 49, 89, 
19. route: 0, 14, 47, 15, 16, 73, 
20. route: 0, 39, 36, 26, 
21. route: 0, 45, 5, 
22. route: 0, 63, 76, 18, 
23. route: 0, 19, 21, 
24. route: 0, 59, 75, 
25. route: 0, 23, 
26. route: 0, 31, 29, 27, 
27. route: 0, 33, 30, 28, 
Total distance: 2711.3
-----------------------------------------
/RC1/rc102.txt
Printing routes for 27 vehicles
1. route: 0, 90, 80, 91, 
2. route: 0, 69, 98, 53, 82, 52, 74, 59, 
3. route: 0, 68, 55, 100, 70, 
4. route: 0, 65, 66, 83, 24, 
5. route: 0, 81, 54, 96, 93, 94, 
6. route: 0, 92, 95, 56, 85, 50, 
7. route: 0, 61, 41, 37, 35, 72, 
8. route: 0, 88, 60, 7, 2, 
9. route: 0, 99, 57, 86, 58, 77, 
10. route: 0, 64, 84, 20, 48, 21, 25, 
11. route: 0, 67, 71, 34, 31, 32, 
12. route: 0, 62, 51, 76, 89, 
13. route: 0, 10, 12, 17, 
14. route: 0, 78, 79, 46, 4, 5, 3, 
15. route: 0, 6, 8, 1, 
16. route: 0, 11, 9, 13, 
17. route: 0, 42, 44, 43, 
18. route: 0, 22, 49, 75, 
19. route: 0, 14, 47, 15, 16, 87, 97, 
20. route: 0, 39, 38, 40, 26, 
21. route: 0, 45, 73, 
22. route: 0, 63, 33, 30, 
23. route: 0, 19, 18, 
24. route: 0, 36, 
25. route: 0, 23, 
26. route: 0, 29, 27, 
27. route: 0, 28, 
Total distance: 2647.1
-----------------------------------------
/RC1/rc103.txt
Printing routes for 23 vehicles
1. route: 0, 90, 65, 66, 83, 57, 52, 82, 
2. route: 0, 80, 91, 
3. route: 0, 69, 98, 53, 60, 73, 47, 17, 14, 
4. route: 0, 68, 61, 81, 54, 96, 
5. route: 0, 55, 100, 70, 
6. route: 0, 92, 94, 93, 71, 
7. route: 0, 88, 78, 12, 10, 13, 16, 
8. route: 0, 56, 95, 85, 63, 
9. route: 0, 99, 86, 74, 59, 97, 
10. route: 0, 64, 84, 51, 20, 24, 19, 21, 
11. route: 0, 67, 50, 34, 31, 29, 28, 26, 
12. route: 0, 72, 41, 37, 35, 43, 
13. route: 0, 62, 32, 30, 89, 18, 48, 
14. route: 0, 2, 6, 7, 46, 4, 5, 3, 1, 
15. route: 0, 11, 9, 87, 58, 77, 
16. route: 0, 42, 44, 40, 38, 
17. route: 0, 22, 49, 25, 
18. route: 0, 39, 36, 8, 
19. route: 0, 45, 79, 75, 
20. route: 0, 15, 
21. route: 0, 76, 
22. route: 0, 23, 
23. route: 0, 33, 27, 
Total distance: 2220.76
-----------------------------------------
/RC1/rc104.txt
Printing routes for 16 vehicles
1. route: 0, 90, 65, 66, 83, 64, 56, 95, 84, 85, 63, 51, 91, 
2. route: 0, 80, 92, 94, 93, 71, 96, 54, 81, 61, 68, 70, 100, 
3. route: 0, 69, 98, 53, 88, 55, 60, 78, 
4. route: 0, 82, 99, 52, 57, 86, 74, 59, 97, 
5. route: 0, 67, 50, 34, 31, 29, 27, 26, 
6. route: 0, 72, 41, 39, 38, 37, 36, 35, 40, 43, 42, 
7. route: 0, 62, 33, 32, 30, 28, 89, 
8. route: 0, 2, 6, 7, 8, 46, 4, 45, 5, 3, 1, 
9. route: 0, 10, 11, 12, 14, 47, 17, 16, 13, 73, 
10. route: 0, 9, 87, 58, 77, 
11. route: 0, 22, 20, 49, 19, 48, 18, 21, 25, 24, 
12. route: 0, 44, 75, 
13. route: 0, 79, 
14. route: 0, 15, 
15. route: 0, 76, 
16. route: 0, 23, 
Total distance: 1754.61
-----------------------------------------
/RC2/rc201.txt
Printing routes for 15 vehicles
1. route: 0, 90, 80, 91, 93, 70, 100, 
2. route: 0, 69, 98, 53, 60, 55, 4, 1, 58, 77, 25, 
3. route: 0, 68, 54, 96, 66, 24, 48, 89, 
4. route: 0, 65, 82, 99, 57, 86, 74, 13, 17, 
5. route: 0, 81, 61, 41, 37, 35, 43, 
6. route: 0, 92, 94, 56, 20, 97, 32, 
7. route: 0, 88, 78, 73, 79, 6, 46, 3, 10, 
8. route: 0, 83, 64, 84, 85, 51, 49, 22, 50, 34, 26, 
9. route: 0, 95, 62, 67, 71, 38, 40, 8, 7, 9, 
10. route: 0, 52, 87, 18, 
11. route: 0, 72, 39, 42, 44, 2, 12, 16, 
12. route: 0, 11, 15, 75, 23, 21, 19, 76, 
13. route: 0, 14, 47, 59, 30, 28, 29, 
14. route: 0, 45, 5, 36, 31, 27, 
15. route: 0, 63, 33, 
Total distance: 2468.25
-----------------------------------------
/RC2/rc202.txt
Printing routes for 13 vehicles
1. route: 0, 90, 80, 91, 95, 94, 93, 96, 
2. route: 0, 69, 98, 53, 82, 99, 52, 57, 86, 74, 59, 58, 77, 25, 21, 48, 83, 
3. route: 0, 68, 55, 100, 70, 2, 7, 5, 3, 
4. route: 0, 65, 66, 56, 85, 50, 34, 31, 32, 26, 89, 24, 75, 12, 
5. route: 0, 81, 54, 72, 37, 35, 43, 1, 4, 60, 17, 
6. route: 0, 92, 67, 62, 84, 51, 20, 49, 97, 13, 
7. route: 0, 61, 41, 38, 40, 46, 6, 10, 
8. route: 0, 88, 78, 73, 79, 8, 9, 
9. route: 0, 64, 22, 18, 87, 
10. route: 0, 71, 44, 30, 
11. route: 0, 11, 15, 16, 19, 76, 
12. route: 0, 42, 39, 36, 45, 47, 23, 
13. route: 0, 14, 63, 33, 28, 29, 27, 
Total distance: 2114.34
-----------------------------------------
/RC2/rc203.txt
Printing routes for 13 vehicles
1. route: 0, 90, 65, 66, 83, 57, 52, 86, 74, 59, 97, 75, 58, 77, 25, 21, 48, 18, 19, 20, 24, 
2. route: 0, 80, 91, 95, 94, 93, 71, 96, 
3. route: 0, 69, 98, 53, 82, 99, 9, 10, 12, 14, 47, 17, 16, 13, 73, 60, 7, 46, 5, 3, 1, 2, 100, 
4. route: 0, 68, 61, 81, 54, 72, 37, 35, 43, 70, 50, 34, 
5. route: 0, 55, 4, 51, 85, 63, 89, 32, 28, 26, 29, 31, 
6. route: 0, 92, 56, 
7. route: 0, 88, 78, 79, 6, 8, 41, 49, 
8. route: 0, 64, 84, 22, 87, 
9. route: 0, 67, 62, 30, 76, 40, 
10. route: 0, 11, 15, 23, 38, 
11. route: 0, 42, 44, 
12. route: 0, 39, 36, 45, 27, 
13. route: 0, 33, 
Total distance: 2073.99
-----------------------------------------
/RC2/rc204.txt
Printing routes for 7 vehicles
1. route: 0, 90, 65, 66, 83, 64, 56, 95, 92, 91, 80, 94, 93, 71, 96, 54, 81, 61, 68, 55, 88, 98, 82, 52, 57, 86, 74, 59, 97, 75, 58, 77, 25, 21, 48, 18, 19, 
2. route: 0, 69, 53, 60, 78, 73, 79, 7, 6, 2, 4, 45, 46, 5, 3, 1, 70, 100, 42, 39, 40, 36, 35, 
3. route: 0, 99, 9, 10, 12, 14, 47, 17, 16, 13, 24, 22, 20, 49, 51, 85, 63, 89, 33, 32, 30, 34, 
4. route: 0, 67, 62, 50, 31, 29, 27, 26, 28, 84, 72, 41, 37, 43, 
5. route: 0, 11, 15, 87, 8, 
6. route: 0, 44, 38, 76, 
7. route: 0, 23, 
Total distance: 1361.2
-----------------------------------------
COST: 179421
Program ran for 0.079761 seconds.
