/C1/c101.txt
Printing routes for 16 vehicles
1. route: 0, 5, 42, 8, 56, 14, 68, 49, 
2. route: 0, 57, 7, 53, 11, 64, 99, 
3. route: 0, 98, 63, 19, 72, 9, 51, 75, 
4. route: 0, 13, 76, 29, 84, 36, 2, 
5. route: 0, 20, 3, 40, 70, 39, 80, 
6. route: 0, 90, 31, 92, 73, 26, 91, 
7. route: 0, 43, 24, 94, 38, 60, 89, 
8. route: 0, 67, 33, 83, 30, 77, 23, 
9. route: 0, 32, 95, 71, 16, 79, 21, 
10. route: 0, 81, 25, 82, 28, 88, 50, 
11. route: 0, 17, 62, 15, 45, 100, 52, 
12. route: 0, 65, 18, 74, 46, 61, 4, 69, 
13. route: 0, 87, 41, 10, 58, 6, 66, 
14. route: 0, 78, 27, 44, 97, 59, 1, 
15. route: 0, 96, 86, 37, 85, 12, 22, 
16. route: 0, 55, 54, 35, 93, 48, 34, 47, 
Total distance: 5183.44
-----------------------------------------
/C1/c102.txt
Printing routes for 14 vehicles
1. route: 0, 57, 18, 74, 38, 79, 49, 
2. route: 0, 13, 63, 29, 73, 6, 59, 98, 5, 
3. route: 0, 20, 42, 35, 84, 9, 23, 82, 52, 
4. route: 0, 90, 25, 40, 11, 60, 99, 48, 75, 
5. route: 0, 43, 86, 44, 97, 51, 95, 72, 
6. route: 0, 67, 24, 53, 16, 64, 66, 85, 7, 
7. route: 0, 32, 76, 56, 14, 80, 96, 26, 
8. route: 0, 81, 41, 10, 46, 88, 69, 3, 
9. route: 0, 17, 62, 93, 36, 94, 50, 
10. route: 0, 65, 54, 15, 45, 100, 37, 91, 
11. route: 0, 87, 27, 92, 28, 68, 12, 47, 
12. route: 0, 78, 19, 58, 61, 4, 31, 2, 
13. route: 0, 55, 8, 70, 39, 89, 34, 1, 
14. route: 0, 33, 71, 30, 77, 22, 83, 21, 
Total distance: 5213.74
-----------------------------------------
/C1/c103.txt
Printing routes for 19 vehicles
1. route: 0, 13, 74, 36, 97, 32, 3, 
2. route: 0, 67, 15, 68, 95, 50, 
3. route: 0, 17, 58, 66, 86, 29, 
4. route: 0, 65, 92, 79, 14, 72, 7, 
5. route: 0, 87, 56, 4, 57, 91, 21, 
6. route: 0, 78, 30, 99, 31, 90, 
7. route: 0, 55, 93, 69, 1, 
8. route: 0, 33, 70, 23, 82, 48, 20, 
9. route: 0, 42, 10, 64, 16, 83, 52, 
10. route: 0, 76, 38, 71, 19, 61, 5, 
11. route: 0, 25, 84, 22, 98, 47, 
12. route: 0, 41, 11, 80, 34, 75, 
13. route: 0, 27, 77, 49, 24, 
14. route: 0, 62, 9, 73, 12, 51, 
15. route: 0, 40, 39, 81, 18, 46, 
16. route: 0, 53, 6, 60, 96, 43, 
17. route: 0, 8, 45, 94, 59, 89, 26, 
18. route: 0, 35, 88, 37, 85, 28, 
19. route: 0, 44, 100, 54, 2, 63, 
Total distance: 5387.23
-----------------------------------------
/C1/c104.txt
Printing routes for 20 vehicles
1. route: 0, 13, 23, 86, 49, 
2. route: 0, 67, 100, 33, 89, 47, 
3. route: 0, 87, 4, 48, 1, 21, 
4. route: 0, 55, 99, 50, 75, 
5. route: 0, 76, 39, 78, 36, 88, 42, 
6. route: 0, 25, 69, 7, 
7. route: 0, 62, 71, 37, 82, 30, 66, 
8. route: 0, 53, 93, 54, 17, 68, 24, 
9. route: 0, 8, 70, 19, 83, 52, 5, 
10. route: 0, 44, 73, 14, 72, 6, 20, 
11. route: 0, 74, 16, 59, 98, 40, 22, 
12. route: 0, 15, 80, 12, 61, 10, 
13. route: 0, 92, 60, 94, 51, 3, 
14. route: 0, 38, 81, 34, 90, 43, 
15. route: 0, 11, 56, 95, 45, 26, 
16. route: 0, 58, 97, 31, 91, 41, 
17. route: 0, 84, 35, 96, 46, 27, 
18. route: 0, 9, 57, 85, 29, 63, 
19. route: 0, 77, 18, 64, 28, 
20. route: 0, 79, 32, 2, 65, 
Total distance: 5445.02
-----------------------------------------
/C2/c201.txt
Printing routes for 5 vehicles
1. route: 0, 93, 63, 27, 99, 32, 94, 37, 3, 56, 26, 84, 19, 85, 51, 17, 80, 42, 10, 96, 
2. route: 0, 67, 24, 72, 100, 33, 95, 38, 54, 34, 91, 59, 86, 16, 76, 50, 13, 79, 41, 77, 
3. route: 0, 20, 62, 2, 61, 97, 31, 98, 39, 4, 58, 23, 40, 82, 45, 15, 73, 43, 11, 48, 87, 
4. route: 0, 22, 75, 30, 29, 6, 92, 35, 7, 53, 28, 88, 57, 83, 46, 12, 70, 47, 9, 78, 21, 
5. route: 0, 5, 74, 1, 64, 66, 69, 68, 65, 49, 55, 36, 89, 60, 18, 44, 14, 71, 52, 25, 81, 8, 90, 
Total distance: 5010.47
-----------------------------------------
/C2/c202.txt
Printing routes for 9 vehicles
1. route: 0, 93, 30, 66, 49, 56, 18, 71, 43, 77, 50, 91, 
2. route: 0, 67, 29, 92, 53, 23, 14, 73, 11, 59, 95, 72, 
3. route: 0, 20, 99, 69, 39, 88, 44, 17, 9, 8, 31, 7, 
4. route: 0, 22, 61, 33, 54, 60, 16, 70, 42, 85, 34, 98, 90, 
5. route: 0, 63, 100, 35, 89, 86, 45, 80, 10, 87, 2, 
6. route: 0, 24, 64, 68, 36, 84, 46, 13, 81, 12, 83, 21, 75, 
7. route: 0, 62, 6, 65, 4, 57, 76, 47, 41, 94, 52, 96, 
8. route: 0, 27, 97, 38, 58, 19, 51, 25, 78, 26, 3, 5, 
9. route: 0, 74, 32, 55, 28, 40, 15, 79, 37, 82, 1, 48, 
Total distance: 4844.26
-----------------------------------------
/C2/c203.txt
Printing routes for 14 vehicles
1. route: 0, 93, 69, 58, 9, 60, 95, 50, 75, 
2. route: 0, 67, 68, 84, 42, 97, 31, 91, 20, 
3. route: 0, 22, 65, 40, 10, 87, 21, 
4. route: 0, 62, 35, 44, 41, 18, 96, 24, 
5. route: 0, 27, 49, 45, 78, 34, 7, 48, 
6. route: 0, 74, 38, 76, 8, 46, 2, 
7. route: 0, 30, 55, 15, 77, 51, 90, 
8. route: 0, 99, 39, 70, 19, 85, 26, 86, 47, 
9. route: 0, 100, 4, 80, 16, 54, 1, 61, 
10. route: 0, 64, 36, 17, 71, 37, 94, 32, 89, 
11. route: 0, 6, 53, 13, 73, 14, 57, 3, 43, 
12. route: 0, 66, 56, 25, 81, 12, 83, 29, 63, 
13. route: 0, 92, 23, 11, 59, 98, 72, 
14. route: 0, 33, 88, 79, 28, 82, 52, 5, 
Total distance: 5212.71
-----------------------------------------
/C2/c204.txt
Printing routes for 13 vehicles
1. route: 0, 67, 23, 70, 19, 80, 14, 59, 17, 65, 2, 61, 21, 
2. route: 0, 62, 44, 94, 56, 12, 49, 26, 86, 30, 64, 
3. route: 0, 74, 76, 28, 78, 36, 3, 51, 75, 43, 
4. route: 0, 99, 15, 54, 95, 31, 88, 52, 10, 48, 
5. route: 0, 100, 13, 57, 98, 46, 89, 47, 
6. route: 0, 92, 79, 33, 7, 45, 93, 
7. route: 0, 69, 25, 87, 22, 
8. route: 0, 38, 9, 83, 6, 90, 41, 
9. route: 0, 55, 11, 32, 91, 42, 20, 
10. route: 0, 53, 8, 72, 24, 
11. route: 0, 4, 77, 29, 68, 
12. route: 0, 58, 97, 60, 71, 37, 85, 35, 82, 34, 96, 27, 66, 
13. route: 0, 84, 39, 73, 16, 81, 18, 40, 1, 50, 5, 63, 
Total distance: 5487.44
-----------------------------------------
/R1/r101.txt
Printing routes for 36 vehicles
1. route: 0, 63, 22, 89, 
2. route: 0, 36, 87, 1, 
3. route: 0, 92, 12, 46, 
4. route: 0, 14, 9, 100, 
5. route: 0, 59, 30, 90, 4, 
6. route: 0, 65, 49, 
7. route: 0, 45, 73, 17, 
8. route: 0, 42, 76, 66, 
9. route: 0, 39, 85, 24, 
10. route: 0, 33, 99, 94, 77, 
11. route: 0, 72, 7, 20, 
12. route: 0, 5, 51, 74, 
13. route: 0, 47, 53, 54, 
14. route: 0, 83, 78, 13, 
15. route: 0, 95, 88, 3, 
16. route: 0, 64, 97, 
17. route: 0, 15, 40, 68, 
18. route: 0, 82, 57, 70, 
19. route: 0, 23, 32, 
20. route: 0, 2, 81, 60, 
21. route: 0, 27, 16, 6, 93, 
22. route: 0, 62, 18, 55, 
23. route: 0, 31, 86, 25, 
24. route: 0, 28, 61, 50, 
25. route: 0, 29, 43, 
26. route: 0, 11, 56, 
27. route: 0, 98, 34, 
28. route: 0, 44, 35, 
29. route: 0, 71, 96, 
30. route: 0, 69, 41, 48, 
31. route: 0, 67, 37, 
32. route: 0, 38, 26, 
33. route: 0, 52, 79, 91, 
34. route: 0, 75, 10, 
35. route: 0, 21, 84, 58, 
36. route: 0, 19, 8, 80, 
Total distance: 4496.49
-----------------------------------------
/R1/r102.txt
Printing routes for 32 vehicles
1. route: 0, 63, 22, 82, 
2. route: 0, 36, 87, 77, 
3. route: 0, 92, 9, 91, 
4. route: 0, 14, 81, 85, 
5. route: 0, 65, 79, 13, 52, 
6. route: 0, 45, 78, 100, 
7. route: 0, 42, 90, 25, 
8. route: 0, 39, 84, 80, 
9. route: 0, 33, 99, 4, 96, 
10. route: 0, 47, 53, 70, 
11. route: 0, 64, 97, 50, 
12. route: 0, 15, 20, 93, 
13. route: 0, 23, 32, 95, 
14. route: 0, 27, 41, 48, 94, 
15. route: 0, 62, 18, 6, 3, 2, 
16. route: 0, 28, 49, 72, 
17. route: 0, 29, 43, 31, 
18. route: 0, 11, 56, 89, 
19. route: 0, 44, 35, 58, 
20. route: 0, 71, 55, 83, 
21. route: 0, 69, 40, 68, 59, 
22. route: 0, 67, 60, 
23. route: 0, 38, 24, 
24. route: 0, 19, 54, 5, 
25. route: 0, 30, 46, 21, 
26. route: 0, 16, 57, 7, 12, 
27. route: 0, 61, 10, 37, 
28. route: 0, 88, 8, 75, 
29. route: 0, 76, 66, 98, 
30. route: 0, 73, 17, 26, 
31. route: 0, 86, 34, 
32. route: 0, 51, 74, 1, 
Total distance: 4586.18
-----------------------------------------
/R1/r103.txt
Printing routes for 35 vehicles
1. route: 0, 36, 4, 93, 
2. route: 0, 92, 35, 94, 
3. route: 0, 65, 86, 1, 
4. route: 0, 45, 56, 82, 
5. route: 0, 42, 55, 83, 
6. route: 0, 39, 46, 80, 
7. route: 0, 33, 17, 2, 
8. route: 0, 64, 13, 100, 59, 
9. route: 0, 15, 71, 96, 
10. route: 0, 23, 63, 95, 
11. route: 0, 27, 74, 3, 
12. route: 0, 62, 25, 12, 
13. route: 0, 11, 43, 31, 
14. route: 0, 44, 34, 21, 
15. route: 0, 69, 68, 98, 
16. route: 0, 67, 19, 
17. route: 0, 38, 32, 
18. route: 0, 30, 14, 50, 
19. route: 0, 88, 75, 7, 
20. route: 0, 76, 47, 54, 
21. route: 0, 49, 72, 
22. route: 0, 78, 91, 52, 
23. route: 0, 9, 61, 28, 
24. route: 0, 99, 20, 5, 
25. route: 0, 79, 16, 26, 
26. route: 0, 41, 51, 18, 
27. route: 0, 8, 24, 89, 
28. route: 0, 22, 70, 
29. route: 0, 40, 90, 85, 
30. route: 0, 87, 29, 97, 
31. route: 0, 84, 77, 
32. route: 0, 66, 37, 
33. route: 0, 6, 81, 60, 
34. route: 0, 53, 48, 73, 
35. route: 0, 10, 57, 58, 
Total distance: 4689.37
-----------------------------------------
/R1/r104.txt
Printing routes for 32 vehicles
1. route: 0, 92, 32, 57, 31, 
2. route: 0, 15, 90, 73, 
3. route: 0, 23, 19, 97, 
4. route: 0, 62, 22, 7, 89, 
5. route: 0, 11, 24, 85, 
6. route: 0, 44, 20, 2, 
7. route: 0, 69, 47, 54, 96, 
8. route: 0, 67, 48, 94, 
9. route: 0, 38, 29, 58, 
10. route: 0, 76, 45, 72, 
11. route: 0, 9, 61, 26, 
12. route: 0, 99, 81, 98, 
13. route: 0, 79, 91, 1, 
14. route: 0, 8, 77, 
15. route: 0, 87, 51, 60, 
16. route: 0, 84, 33, 21, 
17. route: 0, 53, 10, 37, 95, 
18. route: 0, 55, 5, 
19. route: 0, 65, 42, 50, 
20. route: 0, 64, 75, 83, 6, 
21. route: 0, 49, 41, 88, 
22. route: 0, 4, 93, 
23. route: 0, 74, 18, 
24. route: 0, 36, 56, 70, 52, 
25. route: 0, 35, 17, 80, 
26. route: 0, 66, 16, 68, 27, 
27. route: 0, 71, 13, 12, 
28. route: 0, 34, 14, 3, 28, 
29. route: 0, 25, 40, 
30. route: 0, 46, 39, 82, 
31. route: 0, 86, 78, 100, 59, 
32. route: 0, 63, 43, 30, 
Total distance: 4683.14
-----------------------------------------
/R1/r105.txt
Printing routes for 32 vehicles
1. route: 0, 65, 53, 60, 
2. route: 0, 63, 41, 48, 
3. route: 0, 59, 30, 84, 77, 
4. route: 0, 42, 76, 6, 80, 
5. route: 0, 36, 40, 17, 
6. route: 0, 92, 52, 81, 37, 
7. route: 0, 45, 73, 94, 70, 
8. route: 0, 14, 51, 74, 
9. route: 0, 39, 7, 26, 
10. route: 0, 33, 16, 55, 
11. route: 0, 72, 19, 54, 
12. route: 0, 5, 12, 57, 24, 
13. route: 0, 47, 22, 1, 
14. route: 0, 83, 78, 97, 
15. route: 0, 95, 21, 8, 25, 
16. route: 0, 64, 56, 
17. route: 0, 15, 18, 35, 
18. route: 0, 82, 79, 96, 
19. route: 0, 23, 46, 58, 
20. route: 0, 2, 88, 90, 13, 
21. route: 0, 27, 75, 66, 
22. route: 0, 62, 87, 50, 
23. route: 0, 31, 86, 68, 
24. route: 0, 28, 61, 3, 93, 
25. route: 0, 29, 49, 100, 
26. route: 0, 11, 85, 4, 
27. route: 0, 98, 9, 91, 
28. route: 0, 44, 34, 
29. route: 0, 71, 43, 
30. route: 0, 69, 99, 20, 89, 
31. route: 0, 67, 32, 
32. route: 0, 38, 10, 
Total distance: 4695.82
-----------------------------------------
/R1/r106.txt
Printing routes for 27 vehicles
1. route: 0, 65, 53, 82, 100, 
2. route: 0, 63, 41, 48, 31, 
3. route: 0, 42, 88, 90, 4, 
4. route: 0, 36, 79, 91, 93, 96, 
5. route: 0, 92, 76, 8, 75, 
6. route: 0, 45, 78, 17, 37, 
7. route: 0, 14, 51, 74, 89, 
8. route: 0, 39, 49, 21, 
9. route: 0, 33, 86, 24, 
10. route: 0, 47, 40, 56, 7, 
11. route: 0, 64, 9, 13, 59, 
12. route: 0, 15, 18, 54, 5, 
13. route: 0, 23, 46, 77, 
14. route: 0, 27, 73, 10, 72, 
15. route: 0, 62, 87, 34, 26, 
16. route: 0, 28, 99, 55, 83, 
17. route: 0, 29, 84, 3, 1, 
18. route: 0, 11, 81, 60, 50, 
19. route: 0, 44, 66, 95, 
20. route: 0, 71, 43, 12, 
21. route: 0, 69, 22, 97, 80, 52, 
22. route: 0, 67, 32, 58, 
23. route: 0, 38, 68, 98, 
24. route: 0, 19, 6, 25, 2, 
25. route: 0, 30, 57, 70, 
26. route: 0, 16, 20, 85, 
27. route: 0, 61, 35, 94, 
Total distance: 4481.77
-----------------------------------------
/R2/r201.txt
Printing routes for 7 vehicles
1. route: 0, 65, 83, 29, 44, 76, 99, 90, 41, 57, 20, 66, 54, 13, 89, 93, 
2. route: 0, 42, 39, 28, 62, 21, 19, 73, 51, 85, 53, 6, 50, 37, 68, 17, 80, 
3. route: 0, 63, 14, 82, 98, 71, 61, 81, 8, 94, 10, 96, 4, 1, 25, 
4. route: 0, 45, 5, 47, 2, 64, 12, 88, 40, 86, 9, 3, 97, 32, 91, 70, 
5. route: 0, 92, 72, 27, 15, 11, 67, 18, 22, 49, 26, 55, 74, 60, 77, 
6. route: 0, 36, 95, 31, 23, 30, 38, 79, 84, 34, 43, 24, 100, 
7. route: 0, 33, 59, 69, 52, 75, 16, 7, 87, 78, 46, 56, 35, 48, 58, 
Total distance: 4264.81
-----------------------------------------
/R2/r202.txt
Printing routes for 7 vehicles
1. route: 0, 65, 23, 71, 73, 86, 9, 97, 35, 91, 80, 5, 31, 94, 
2. route: 0, 42, 47, 29, 61, 51, 8, 78, 10, 54, 17, 75, 82, 21, 59, 58, 
3. route: 0, 63, 28, 11, 67, 18, 22, 6, 46, 55, 4, 89, 3, 85, 50, 93, 
4. route: 0, 45, 14, 69, 44, 19, 40, 90, 41, 56, 32, 60, 77, 98, 1, 96, 
5. route: 0, 92, 39, 62, 16, 88, 87, 49, 43, 24, 48, 72, 83, 12, 95, 
6. route: 0, 36, 27, 64, 76, 99, 81, 53, 57, 66, 74, 34, 100, 70, 37, 26, 
7. route: 0, 33, 15, 30, 38, 79, 84, 20, 68, 13, 25, 7, 2, 52, 
Total distance: 4385.9
-----------------------------------------
/R2/r203.txt
Printing routes for 11 vehicles
1. route: 0, 65, 30, 8, 68, 14, 20, 85, 50, 59, 58, 
2. route: 0, 42, 11, 40, 6, 74, 32, 100, 80, 5, 28, 
3. route: 0, 45, 23, 87, 13, 90, 75, 82, 21, 96, 
4. route: 0, 92, 64, 22, 35, 16, 81, 37, 12, 94, 
5. route: 0, 36, 67, 53, 4, 63, 57, 70, 73, 18, 
6. route: 0, 33, 38, 78, 10, 43, 71, 91, 3, 83, 26, 
7. route: 0, 39, 44, 9, 55, 47, 24, 48, 54, 60, 
8. route: 0, 27, 76, 84, 17, 77, 98, 1, 97, 
9. route: 0, 15, 79, 56, 46, 34, 61, 51, 93, 52, 
10. route: 0, 62, 99, 49, 25, 7, 2, 89, 
11. route: 0, 69, 88, 41, 66, 86, 29, 19, 72, 31, 95, 
Total distance: 4487.69
-----------------------------------------
/R2/r204.txt
Printing routes for 11 vehicles
1. route: 0, 92, 79, 49, 39, 46, 29, 61, 51, 37, 31, 94, 
2. route: 0, 15, 9, 86, 34, 47, 75, 10, 72, 7, 2, 89, 
3. route: 0, 62, 53, 64, 25, 5, 12, 6, 
4. route: 0, 69, 87, 66, 16, 78, 45, 81, 85, 50, 96, 40, 
5. route: 0, 23, 8, 35, 14, 32, 41, 30, 100, 68, 97, 27, 
6. route: 0, 11, 84, 71, 17, 24, 63, 42, 33, 93, 1, 
7. route: 0, 44, 55, 19, 22, 82, 80, 59, 28, 
8. route: 0, 67, 4, 48, 54, 83, 21, 52, 
9. route: 0, 76, 74, 20, 91, 3, 60, 26, 
10. route: 0, 38, 13, 77, 98, 88, 95, 
11. route: 0, 99, 65, 43, 36, 56, 90, 57, 70, 73, 18, 58, 
Total distance: 4659.91
-----------------------------------------
/R2/r205.txt
Printing routes for 6 vehicles
1. route: 0, 39, 36, 15, 64, 61, 73, 18, 78, 22, 46, 26, 55, 74, 1, 91, 70, 
2. route: 0, 65, 45, 29, 11, 67, 7, 81, 41, 49, 97, 54, 13, 60, 25, 93, 
3. route: 0, 63, 14, 28, 69, 98, 12, 16, 76, 86, 9, 84, 10, 43, 35, 100, 
4. route: 0, 59, 72, 83, 95, 62, 21, 30, 38, 51, 87, 53, 94, 3, 20, 96, 68, 17, 80, 58, 
5. route: 0, 33, 92, 27, 31, 82, 23, 44, 19, 99, 79, 8, 57, 34, 37, 32, 24, 89, 
6. route: 0, 5, 42, 47, 2, 52, 75, 71, 88, 40, 85, 90, 6, 50, 56, 66, 4, 48, 77, 
Total distance: 4331.18
-----------------------------------------
/R2/r206.txt
Printing routes for 6 vehicles
1. route: 0, 39, 47, 44, 19, 88, 99, 79, 8, 57, 66, 68, 17, 3, 85, 50, 93, 58, 
2. route: 0, 65, 27, 23, 30, 73, 18, 78, 84, 10, 55, 74, 34, 100, 70, 37, 26, 96, 
3. route: 0, 63, 14, 69, 16, 76, 86, 9, 6, 56, 32, 24, 48, 72, 89, 2, 1, 95, 
4. route: 0, 33, 92, 62, 64, 67, 51, 87, 53, 49, 97, 35, 91, 80, 83, 12, 5, 94, 
5. route: 0, 42, 45, 29, 11, 38, 40, 90, 22, 20, 54, 13, 25, 82, 77, 98, 52, 
6. route: 0, 36, 28, 15, 71, 61, 81, 41, 46, 43, 4, 60, 75, 7, 21, 31, 59, 
Total distance: 4360.02
-----------------------------------------
/RC1/rc101.txt
Printing routes for 39 vehicles
1. route: 0, 92, 7, 97, 
2. route: 0, 45, 22, 70, 
3. route: 0, 42, 87, 66, 
4. route: 0, 33, 90, 58, 
5. route: 0, 59, 8, 3, 
6. route: 0, 14, 61, 32, 
7. route: 0, 65, 71, 53, 80, 
8. route: 0, 63, 78, 24, 
9. route: 0, 36, 57, 
10. route: 0, 5, 26, 
11. route: 0, 39, 86, 56, 
12. route: 0, 72, 18, 68, 
13. route: 0, 27, 13, 
14. route: 0, 28, 4, 
15. route: 0, 47, 34, 
16. route: 0, 31, 49, 
17. route: 0, 95, 88, 50, 
18. route: 0, 29, 17, 
19. route: 0, 83, 40, 91, 
20. route: 0, 75, 96, 
21. route: 0, 15, 94, 
22. route: 0, 2, 99, 54, 
23. route: 0, 23, 43, 
24. route: 0, 21, 9, 25, 
25. route: 0, 30, 37, 
26. route: 0, 62, 6, 46, 
27. route: 0, 11, 81, 48, 
28. route: 0, 52, 41, 100, 
29. route: 0, 82, 85, 55, 
30. route: 0, 44, 20, 
31. route: 0, 16, 35, 
32. route: 0, 12, 84, 
33. route: 0, 69, 67, 74, 
34. route: 0, 98, 51, 60, 
35. route: 0, 19, 1, 
36. route: 0, 76, 10, 
37. route: 0, 64, 79, 93, 
38. route: 0, 73, 89, 
39. route: 0, 38, 77, 
Total distance: 6029.85
-----------------------------------------
/RC1/rc102.txt
Printing routes for 36 vehicles
1. route: 0, 92, 78, 34, 
2. route: 0, 45, 22, 60, 
3. route: 0, 42, 86, 66, 12, 
4. route: 0, 33, 90, 21, 
5. route: 0, 14, 81, 58, 91, 
6. route: 0, 65, 41, 74, 
7. route: 0, 63, 6, 59, 
8. route: 0, 36, 57, 2, 
9. route: 0, 39, 99, 68, 52, 
10. route: 0, 27, 75, 
11. route: 0, 28, 4, 80, 
12. route: 0, 47, 32, 82, 
13. route: 0, 29, 13, 
14. route: 0, 15, 26, 
15. route: 0, 23, 43, 98, 
16. route: 0, 30, 17, 
17. route: 0, 62, 9, 50, 
18. route: 0, 11, 49, 7, 
19. route: 0, 44, 20, 100, 
20. route: 0, 16, 35, 94, 
21. route: 0, 69, 84, 55, 72, 
22. route: 0, 19, 5, 
23. route: 0, 76, 3, 
24. route: 0, 64, 46, 95, 
25. route: 0, 73, 31, 
26. route: 0, 38, 77, 
27. route: 0, 71, 53, 24, 
28. route: 0, 18, 37, 
29. route: 0, 40, 25, 
30. route: 0, 67, 10, 93, 
31. route: 0, 88, 89, 96, 
32. route: 0, 51, 1, 
33. route: 0, 61, 97, 70, 
34. route: 0, 79, 56, 85, 
35. route: 0, 87, 54, 83, 
36. route: 0, 8, 48, 
Total distance: 6267.04
-----------------------------------------
/RC1/rc103.txt
Printing routes for 37 vehicles
1. route: 0, 92, 4, 71, 
2. route: 0, 45, 89, 61, 
3. route: 0, 42, 77, 98, 
4. route: 0, 33, 13, 24, 
5. route: 0, 65, 35, 2, 
6. route: 0, 36, 58, 91, 
7. route: 0, 39, 97, 93, 
8. route: 0, 27, 74, 70, 
9. route: 0, 15, 32, 90, 
10. route: 0, 23, 37, 100, 
11. route: 0, 30, 47, 
12. route: 0, 62, 17, 81, 
13. route: 0, 11, 34, 82, 
14. route: 0, 44, 25, 51, 
15. route: 0, 69, 29, 60, 
16. route: 0, 76, 3, 
17. route: 0, 64, 5, 86, 
18. route: 0, 38, 48, 57, 
19. route: 0, 40, 18, 
20. route: 0, 67, 59, 54, 
21. route: 0, 88, 56, 7, 
22. route: 0, 79, 21, 
23. route: 0, 87, 68, 14, 
24. route: 0, 8, 66, 12, 
25. route: 0, 99, 43, 95, 
26. route: 0, 22, 1, 
27. route: 0, 78, 63, 
28. route: 0, 9, 50, 83, 
29. route: 0, 41, 19, 
30. route: 0, 6, 20, 
31. route: 0, 49, 55, 94, 
32. route: 0, 84, 46, 
33. route: 0, 53, 85, 52, 
34. route: 0, 26, 16, 
35. route: 0, 75, 31, 96, 
36. route: 0, 10, 72, 
37. route: 0, 28, 73, 80, 
Total distance: 6123.03
-----------------------------------------
/RC1/rc104.txt
Printing routes for 36 vehicles
1. route: 0, 92, 16, 50, 72, 
2. route: 0, 15, 40, 56, 
3. route: 0, 23, 39, 82, 
4. route: 0, 62, 45, 86, 
5. route: 0, 11, 43, 83, 
6. route: 0, 44, 21, 81, 
7. route: 0, 69, 48, 2, 
8. route: 0, 76, 6, 90, 
9. route: 0, 38, 19, 80, 
10. route: 0, 67, 14, 24, 
11. route: 0, 79, 63, 
12. route: 0, 87, 41, 
13. route: 0, 8, 49, 20, 
14. route: 0, 99, 42, 60, 
15. route: 0, 9, 85, 52, 
16. route: 0, 84, 78, 10, 
17. route: 0, 53, 51, 100, 
18. route: 0, 26, 7, 70, 
19. route: 0, 27, 59, 12, 
20. route: 0, 75, 37, 
21. route: 0, 28, 46, 54, 
22. route: 0, 89, 1, 65, 
23. route: 0, 29, 55, 57, 
24. route: 0, 30, 47, 96, 
25. route: 0, 33, 3, 91, 
26. route: 0, 32, 5, 66, 
27. route: 0, 31, 17, 61, 
28. route: 0, 77, 68, 
29. route: 0, 97, 36, 95, 
30. route: 0, 13, 22, 
31. route: 0, 34, 73, 94, 
32. route: 0, 58, 88, 
33. route: 0, 4, 71, 
34. route: 0, 74, 93, 
35. route: 0, 25, 98, 
36. route: 0, 18, 35, 64, 
Total distance: 6039.68
-----------------------------------------
/RC2/rc201.txt
Printing routes for 9 vehicles
1. route: 0, 92, 5, 31, 12, 67, 79, 90, 49, 43, 74, 77, 
2. route: 0, 45, 83, 69, 23, 71, 7, 86, 6, 50, 96, 13, 91, 80, 
3. route: 0, 42, 33, 98, 21, 61, 18, 78, 34, 66, 1, 25, 
4. route: 0, 59, 27, 52, 38, 99, 81, 53, 57, 37, 55, 24, 70, 
5. route: 0, 14, 95, 2, 64, 30, 73, 22, 94, 10, 32, 17, 
6. route: 0, 65, 72, 15, 44, 76, 8, 84, 97, 54, 60, 93, 
7. route: 0, 63, 47, 62, 75, 88, 85, 9, 46, 56, 4, 48, 
8. route: 0, 36, 28, 11, 19, 40, 87, 26, 68, 89, 100, 
9. route: 0, 39, 82, 29, 16, 51, 41, 3, 20, 35, 58, 
Total distance: 5889.99
-----------------------------------------
/RC2/rc202.txt
Printing routes for 10 vehicles
1. route: 0, 92, 28, 88, 86, 90, 97, 74, 31, 59, 93, 98, 
2. route: 0, 45, 29, 19, 79, 84, 54, 60, 48, 72, 83, 80, 
3. route: 0, 42, 15, 71, 18, 6, 66, 24, 5, 21, 70, 
4. route: 0, 14, 62, 73, 81, 53, 20, 4, 26, 12, 94, 
5. route: 0, 65, 27, 16, 40, 22, 55, 17, 37, 25, 82, 
6. route: 0, 63, 69, 30, 99, 41, 10, 35, 58, 50, 100, 
7. route: 0, 36, 23, 38, 9, 46, 32, 75, 1, 85, 
8. route: 0, 39, 11, 76, 8, 49, 68, 77, 2, 91, 
9. route: 0, 33, 64, 61, 51, 78, 56, 13, 34, 7, 95, 
10. route: 0, 47, 44, 67, 87, 57, 43, 89, 3, 52, 96, 
Total distance: 5857.18
-----------------------------------------
/RC2/rc203.txt
Printing routes for 13 vehicles
1. route: 0, 92, 64, 8, 74, 37, 19, 100, 82, 
2. route: 0, 45, 76, 6, 26, 77, 2, 95, 
3. route: 0, 42, 30, 9, 35, 25, 14, 93, 
4. route: 0, 65, 44, 87, 55, 31, 59, 72, 52, 90, 
5. route: 0, 36, 88, 84, 75, 28, 73, 63, 7, 57, 80, 
6. route: 0, 39, 67, 53, 4, 18, 1, 51, 
7. route: 0, 33, 38, 49, 5, 89, 3, 21, 61, 98, 
8. route: 0, 27, 99, 10, 29, 16, 85, 12, 94, 
9. route: 0, 15, 41, 17, 50, 86, 54, 
10. route: 0, 62, 79, 66, 32, 47, 48, 60, 96, 
11. route: 0, 69, 40, 56, 97, 34, 46, 20, 81, 
12. route: 0, 23, 78, 68, 58, 71, 83, 
13. route: 0, 11, 22, 13, 43, 24, 70, 91, 
Total distance: 5902.28
-----------------------------------------
/RC2/rc204.txt
Printing routes for 14 vehicles
1. route: 0, 92, 9, 30, 46, 48, 43, 22, 96, 68, 
2. route: 0, 15, 55, 63, 6, 57, 100, 66, 
3. route: 0, 62, 53, 32, 73, 18, 40, 24, 54, 91, 
4. route: 0, 69, 84, 3, 31, 58, 93, 82, 
5. route: 0, 23, 13, 50, 78, 94, 65, 
6. route: 0, 11, 4, 85, 14, 95, 98, 
7. route: 0, 44, 74, 39, 20, 70, 90, 
8. route: 0, 76, 5, 89, 1, 25, 60, 83, 
9. route: 0, 38, 77, 71, 52, 
10. route: 0, 67, 75, 27, 17, 37, 49, 2, 64, 81, 
11. route: 0, 99, 26, 97, 35, 59, 41, 10, 56, 
12. route: 0, 79, 28, 47, 36, 19, 72, 12, 80, 
13. route: 0, 87, 29, 16, 34, 7, 51, 88, 
14. route: 0, 8, 33, 45, 21, 42, 86, 61, 
Total distance: 6180.69
-----------------------------------------
COST: 200150
Program ran for 0.252881 seconds.
