[Training fitness: 89395.7]
/c2/c205.txt
Printing routes for 6 vehicles
1. route: 0, 20, 93, 1, 100, 92, 95, 7, 4, 91, 84, 83, 85, 71, 73, 79, 78, 96, 
2. route: 0, 22, 27, 6, 33, 35, 38, 36, 28, 23, 19, 14, 15, 13, 9, 10, 90, 
3. route: 0, 67, 62, 72, 64, 69, 65, 55, 53, 58, 59, 40, 46, 51, 52, 43, 41, 21, 
4. route: 0, 63, 74, 61, 66, 68, 49, 54, 56, 60, 57, 44, 45, 50, 47, 42, 48, 87, 
5. route: 0, 5, 75, 2, 99, 97, 94, 98, 3, 89, 88, 86, 82, 76, 70, 80, 81, 77, 
6. route: 0, 24, 30, 29, 32, 31, 37, 39, 34, 26, 18, 16, 12, 17, 25, 11, 8, 
Total distance: 1088.74
-----------------------------------------
/c2/c206.txt
Printing routes for 6 vehicles
1. route: 0, 63, 67, 62, 61, 66, 65, 54, 58, 57, 46, 50, 43, 48, 
2. route: 0, 24, 29, 6, 32, 33, 31, 35, 37, 38, 39, 36, 34, 28, 26, 23, 18, 19, 16, 14, 12, 15, 17, 13, 25, 9, 11, 8, 
3. route: 0, 93, 75, 1, 100, 92, 95, 7, 4, 88, 84, 83, 85, 71, 73, 79, 78, 96, 
4. route: 0, 5, 2, 99, 97, 94, 98, 3, 89, 91, 86, 82, 76, 70, 80, 81, 77, 87, 
5. route: 0, 22, 30, 72, 69, 49, 53, 60, 40, 45, 52, 42, 10, 90, 
6. route: 0, 20, 27, 74, 64, 68, 55, 56, 59, 44, 51, 47, 41, 21, 
Total distance: 1088.67
-----------------------------------------
/c2/c207.txt
Printing routes for 6 vehicles
1. route: 0, 93, 2, 99, 97, 94, 98, 3, 91, 86, 85, 70, 80, 78, 87, 
2. route: 0, 5, 1, 100, 92, 95, 7, 89, 84, 82, 71, 79, 77, 
3. route: 0, 63, 72, 66, 69, 65, 55, 53, 58, 59, 40, 46, 51, 52, 43, 41, 21, 90, 
4. route: 0, 75, 24, 27, 30, 29, 32, 31, 37, 39, 34, 4, 88, 83, 76, 73, 81, 96, 
5. route: 0, 67, 74, 64, 68, 49, 54, 56, 60, 57, 44, 45, 50, 47, 42, 48, 
6. route: 0, 62, 61, 22, 20, 6, 33, 35, 38, 36, 28, 26, 23, 18, 19, 16, 14, 12, 15, 17, 13, 25, 9, 11, 10, 8, 
Total distance: 1168.52
-----------------------------------------
/c2/c208.txt
Printing routes for 6 vehicles
1. route: 0, 20, 27, 93, 99, 97, 94, 98, 3, 89, 88, 86, 82, 76, 70, 80, 81, 77, 
2. route: 0, 22, 30, 6, 31, 37, 39, 34, 26, 18, 16, 12, 17, 25, 11, 8, 
3. route: 0, 67, 62, 72, 64, 69, 65, 55, 53, 58, 59, 40, 46, 51, 52, 43, 41, 21, 
4. route: 0, 63, 74, 61, 66, 68, 49, 54, 56, 60, 57, 44, 45, 50, 47, 42, 48, 96, 
5. route: 0, 24, 29, 32, 33, 35, 38, 36, 28, 23, 19, 14, 15, 13, 9, 10, 90, 
6. route: 0, 75, 5, 2, 1, 100, 92, 95, 7, 4, 91, 84, 83, 85, 71, 73, 79, 78, 87, 
Total distance: 1095.76
-----------------------------------------
/r2/r207.txt
Printing routes for 6 vehicles
1. route: 0, 27, 33, 65, 30, 88, 31, 99, 6, 94, 95, 97, 59, 96, 98, 37, 85, 91, 61, 86, 17, 46, 100, 
2. route: 0, 92, 42, 15, 44, 38, 87, 41, 56, 74, 4, 55, 25, 50, 
3. route: 0, 69, 45, 8, 84, 5, 60, 83, 18, 52, 49, 19, 47, 48, 82, 7, 89, 13, 58, 
4. route: 0, 53, 28, 26, 12, 68, 3, 77, 
5. route: 0, 39, 23, 67, 40, 22, 75, 72, 73, 21, 2, 57, 43, 14, 16, 93, 70, 
6. route: 0, 62, 36, 11, 64, 76, 79, 78, 9, 81, 51, 20, 10, 90, 63, 32, 66, 71, 35, 34, 29, 24, 54, 80, 1, 
Total distance: 1307.03
-----------------------------------------
/r2/r208.txt
Printing routes for 6 vehicles
1. route: 0, 62, 10, 90, 63, 32, 9, 79, 3, 68, 80, 54, 55, 25, 
2. route: 0, 76, 53, 40, 21, 72, 75, 56, 39, 4, 24, 29, 77, 
3. route: 0, 27, 92, 59, 93, 44, 38, 84, 5, 60, 18, 52, 88, 31, 70, 30, 20, 51, 81, 33, 78, 34, 35, 71, 66, 65, 50, 
4. route: 0, 28, 26, 12, 15, 43, 87, 42, 57, 2, 73, 22, 41, 74, 58, 
5. route: 0, 23, 67, 99, 96, 98, 37, 85, 91, 16, 86, 14, 100, 
6. route: 0, 89, 6, 94, 95, 97, 69, 11, 19, 8, 45, 17, 61, 83, 82, 48, 47, 36, 49, 64, 7, 46, 13, 1, 
Total distance: 1185.14
-----------------------------------------
/r2/r209.txt
Printing routes for 6 vehicles
1. route: 0, 28, 52, 63, 30, 71, 29, 12, 76, 51, 81, 33, 79, 78, 9, 65, 34, 20, 66, 32, 70, 68, 35, 
2. route: 0, 95, 59, 98, 92, 99, 61, 16, 44, 14, 85, 86, 38, 42, 97, 13, 58, 56, 74, 89, 
3. route: 0, 83, 5, 82, 47, 19, 18, 8, 45, 84, 17, 46, 49, 36, 50, 1, 80, 48, 
4. route: 0, 31, 88, 62, 11, 64, 7, 69, 27, 94, 96, 93, 91, 
5. route: 0, 2, 72, 21, 73, 75, 22, 41, 23, 67, 15, 90, 10, 3, 77, 26, 54, 55, 25, 4, 24, 
6. route: 0, 53, 40, 87, 57, 6, 37, 100, 43, 39, 60, 
Total distance: 1542.64
-----------------------------------------
/r2/r210.txt
Printing routes for 6 vehicles
1. route: 0, 92, 98, 85, 61, 16, 44, 38, 99, 87, 84, 86, 14, 43, 56, 72, 74, 58, 
2. route: 0, 69, 30, 65, 71, 39, 73, 21, 29, 81, 19, 10, 70, 13, 100, 
3. route: 0, 28, 76, 79, 78, 9, 51, 63, 90, 32, 20, 66, 35, 34, 24, 54, 77, 
4. route: 0, 42, 45, 36, 11, 64, 23, 22, 41, 75, 8, 47, 49, 46, 83, 60, 5, 96, 59, 37, 91, 93, 17, 48, 
5. route: 0, 53, 18, 7, 82, 52, 31, 1, 50, 3, 55, 4, 26, 89, 
6. route: 0, 33, 27, 62, 88, 15, 67, 40, 6, 94, 95, 97, 57, 2, 12, 68, 80, 25, 
Total distance: 1634.39
-----------------------------------------
/r2/r211.txt
Printing routes for 6 vehicles
1. route: 0, 27, 69, 30, 51, 33, 81, 9, 34, 3, 77, 50, 1, 26, 80, 
2. route: 0, 28, 76, 12, 29, 79, 78, 71, 65, 44, 100, 37, 97, 13, 58, 54, 24, 
3. route: 0, 53, 40, 87, 57, 41, 22, 74, 56, 4, 55, 
4. route: 0, 52, 82, 7, 18, 83, 5, 61, 16, 86, 38, 14, 45, 17, 96, 93, 91, 43, 25, 
5. route: 0, 31, 88, 62, 11, 19, 47, 36, 64, 63, 90, 10, 70, 20, 66, 32, 35, 
6. route: 0, 21, 72, 75, 23, 39, 67, 73, 2, 15, 42, 98, 92, 95, 94, 6, 99, 59, 85, 84, 8, 46, 49, 48, 60, 89, 68, 
Total distance: 1277.51
-----------------------------------------
/rc2/rc205.txt
Printing routes for 6 vehicles
1. route: 0, 92, 33, 28, 27, 29, 31, 63, 23, 21, 19, 76, 30, 34, 95, 84, 51, 49, 85, 94, 96, 54, 68, 43, 35, 37, 32, 26, 89, 
2. route: 0, 65, 39, 38, 40, 41, 9, 57, 66, 55, 4, 60, 70, 100, 
3. route: 0, 42, 44, 61, 67, 71, 72, 79, 
4. route: 0, 69, 11, 16, 88, 98, 82, 90, 81, 53, 22, 20, 24, 13, 50, 93, 25, 
5. route: 0, 45, 5, 2, 15, 47, 14, 12, 73, 78, 8, 6, 7, 46, 3, 1, 10, 97, 74, 17, 77, 58, 
6. route: 0, 36, 62, 64, 83, 99, 52, 86, 87, 59, 75, 18, 48, 56, 91, 80, 
Total distance: 2111.17
-----------------------------------------
/rc2/rc206.txt
Printing routes for 6 vehicles
1. route: 0, 69, 83, 64, 33, 31, 29, 71, 61, 81, 21, 22, 49, 20, 24, 25, 48, 77, 89, 
2. route: 0, 82, 65, 52, 59, 11, 12, 73, 78, 79, 75, 9, 10, 97, 74, 13, 17, 55, 100, 58, 
3. route: 0, 72, 39, 44, 45, 2, 7, 6, 38, 40, 41, 94, 96, 54, 3, 4, 1, 43, 70, 80, 
4. route: 0, 90, 88, 53, 99, 86, 87, 57, 66, 34, 32, 37, 35, 68, 93, 
5. route: 0, 98, 14, 47, 15, 16, 5, 8, 
6. route: 0, 42, 36, 92, 95, 62, 63, 28, 27, 30, 67, 23, 19, 18, 76, 51, 85, 84, 56, 50, 26, 46, 60, 91, 
Total distance: 2077.26
-----------------------------------------
/rc2/rc207.txt
Printing routes for 6 vehicles
1. route: 0, 95, 63, 28, 31, 29, 30, 33, 71, 72, 61, 81, 94, 67, 92, 56, 66, 96, 54, 93, 91, 
2. route: 0, 90, 86, 57, 49, 53, 78, 10, 97, 58, 77, 74, 17, 
3. route: 0, 82, 69, 2, 5, 45, 7, 6, 46, 4, 3, 1, 55, 60, 
4. route: 0, 83, 64, 21, 23, 19, 22, 18, 76, 85, 84, 62, 50, 34, 27, 26, 32, 89, 48, 
5. route: 0, 98, 88, 47, 14, 16, 15, 73, 79, 8, 44, 42, 38, 40, 36, 35, 41, 39, 37, 43, 70, 100, 68, 80, 
6. route: 0, 65, 52, 99, 12, 11, 9, 59, 75, 87, 51, 20, 24, 25, 13, 
Total distance: 1499.38
-----------------------------------------
/rc2/rc208.txt
Printing routes for 6 vehicles
1. route: 0, 90, 61, 81, 94, 96, 54, 93, 56, 91, 43, 
2. route: 0, 69, 88, 2, 7, 6, 45, 46, 4, 100, 70, 68, 80, 37, 
3. route: 0, 65, 83, 64, 19, 21, 23, 18, 76, 63, 85, 51, 84, 30, 33, 34, 50, 22, 24, 25, 58, 17, 
4. route: 0, 98, 12, 11, 15, 16, 47, 14, 73, 78, 79, 8, 5, 3, 1, 53, 60, 55, 66, 97, 
5. route: 0, 82, 52, 99, 86, 87, 59, 75, 9, 10, 13, 57, 20, 77, 74, 
6. route: 0, 92, 95, 62, 67, 71, 72, 44, 42, 38, 39, 40, 36, 41, 31, 29, 28, 27, 26, 32, 49, 48, 89, 35, 
Total distance: 1601.97
-----------------------------------------