################################
################################
################################
RUN 0
initializing
finding best expr in initial population
best in initial population: 
((((slack_t * q) * (dt / next_veh)) * ((dt / wt) / (next_veh max slack_t))) + (((d / t) / (d - t_rem)) + ((t max d_depot) + (t_ready * dt))))
fitness 68812.7
[TRAINING]: iteration 0: best sol so far: 68812.7
[TEST]: iteration 0: best sol so far: 70756
((((slack_t * q) * (dt / next_veh)) * ((dt / wt) / (next_veh max slack_t))) + (((d / t) / (d - t_rem)) + ((t max d_depot) + (t_ready * dt))))
[TRAINING]: iteration 500: best sol so far: 62456.8
[TEST]: iteration 500: best sol so far: 63210.9
((((slack_t min dt) - (dt * t)) max ((wt * dt) + (dt / next_veh))) * d)
[TRAINING]: iteration 1000: best sol so far: 62427.7
[TEST]: iteration 1000: best sol so far: 63196.5
((dt max ((wt * dt) + (dt / next_veh))) * d)
[TRAINING]: iteration 1500: best sol so far: 62353.7
[TEST]: iteration 1500: best sol so far: 62391.8
((((t_rem min wt) - d) max ((d - d_depot) + (dt max t))) * (d + wt))
[TRAINING]: iteration 2000: best sol so far: 62144.8
[TEST]: iteration 2000: best sol so far: 62196.7
((((slack_t min dt) - (slack_t * t)) max ((d - wt) + slack_t)) * (d + wt))
[TRAINING]: iteration 2500: best sol so far: 62014.8
[TEST]: iteration 2500: best sol so far: 62841.7
((((t_rem min wt) - rt) max ((d - wt) + t_rem)) * (d + wt))
best after gp: 
((((t min dt) - (slack_t * d_depot)) max ((d - wt) + t_rem)) * (d + wt))
best fitness: 62013.9
/c2/c205.txt
Printing routes for 6 vehicles
1. route: 0, 93, 75, 1, 100, 92, 95, 7, 4, 91, 84, 83, 85, 71, 73, 79, 78, 87, 
2. route: 0, 20, 24, 30, 6, 33, 35, 38, 36, 28, 23, 19, 14, 15, 13, 9, 10, 96, 
3. route: 0, 22, 62, 61, 66, 68, 49, 54, 56, 60, 57, 44, 45, 50, 47, 42, 48, 90, 
4. route: 0, 67, 27, 72, 64, 69, 65, 55, 53, 58, 59, 40, 46, 51, 52, 43, 41, 21, 
5. route: 0, 63, 74, 29, 32, 31, 37, 39, 34, 26, 18, 16, 12, 17, 25, 11, 8, 
6. route: 0, 5, 2, 99, 97, 94, 98, 3, 89, 88, 86, 82, 76, 70, 80, 81, 77, 
Total distance: 1186.56
-----------------------------------------
/c2/c206.txt
Printing routes for 6 vehicles
1. route: 0, 93, 75, 1, 100, 69, 95, 7, 4, 88, 57, 44, 45, 71, 80, 81, 77, 
2. route: 0, 67, 62, 72, 6, 33, 35, 38, 36, 28, 23, 19, 14, 15, 13, 79, 10, 87, 
3. route: 0, 22, 63, 61, 66, 94, 98, 3, 34, 26, 18, 16, 12, 17, 25, 11, 21, 
4. route: 0, 5, 2, 29, 97, 31, 37, 39, 56, 60, 84, 83, 85, 51, 52, 43, 78, 96, 
5. route: 0, 20, 27, 30, 99, 92, 65, 55, 53, 58, 59, 40, 46, 50, 73, 9, 41, 48, 
6. route: 0, 24, 74, 64, 32, 68, 49, 54, 89, 91, 86, 82, 76, 70, 47, 42, 8, 90, 
Total distance: 2310.62
-----------------------------------------
/c2/c207.txt
Printing routes for 6 vehicles
1. route: 0, 93, 75, 30, 33, 35, 68, 98, 4, 88, 44, 45, 17, 21, 13, 80, 78, 
2. route: 0, 5, 22, 20, 32, 97, 95, 3, 91, 86, 50, 76, 73, 42, 48, 
3. route: 0, 63, 72, 64, 66, 37, 38, 49, 54, 53, 58, 59, 40, 83, 85, 70, 47, 11, 77, 
4. route: 0, 67, 74, 61, 99, 69, 65, 39, 36, 28, 56, 23, 19, 14, 46, 51, 52, 25, 43, 81, 87, 
5. route: 0, 24, 27, 29, 6, 31, 92, 7, 89, 18, 16, 82, 8, 9, 10, 41, 96, 
6. route: 0, 62, 2, 1, 100, 94, 55, 34, 26, 60, 57, 84, 12, 15, 71, 79, 90, 
Total distance: 2791.56
-----------------------------------------
/c2/c208.txt
Printing routes for 6 vehicles
1. route: 0, 93, 5, 99, 100, 92, 95, 7, 4, 91, 84, 83, 85, 71, 73, 79, 78, 90, 
2. route: 0, 20, 27, 29, 6, 33, 35, 38, 36, 28, 23, 19, 14, 15, 13, 9, 10, 8, 
3. route: 0, 22, 30, 74, 66, 68, 49, 54, 56, 88, 86, 82, 12, 17, 25, 11, 77, 
4. route: 0, 67, 63, 62, 64, 69, 65, 55, 53, 58, 59, 40, 46, 51, 52, 43, 41, 87, 
5. route: 0, 24, 2, 61, 97, 94, 98, 3, 89, 26, 18, 16, 76, 70, 80, 81, 96, 
6. route: 0, 75, 1, 72, 32, 31, 37, 39, 34, 60, 57, 44, 45, 50, 47, 42, 48, 21, 
Total distance: 1539.93
-----------------------------------------
/r2/r207.txt
Printing routes for 6 vehicles
1. route: 0, 92, 59, 96, 94, 95, 97, 37, 98, 85, 91, 16, 61, 5, 60, 83, 82, 46, 8, 6, 66, 74, 100, 
2. route: 0, 28, 33, 81, 65, 71, 20, 51, 30, 76, 99, 53, 49, 13, 93, 
3. route: 0, 42, 57, 2, 73, 21, 23, 67, 40, 78, 34, 10, 35, 77, 
4. route: 0, 45, 36, 47, 48, 62, 11, 64, 88, 31, 7, 19, 63, 90, 32, 84, 55, 25, 58, 
5. route: 0, 89, 18, 27, 52, 69, 1, 50, 3, 29, 24, 54, 12, 79, 9, 22, 68, 17, 70, 
6. route: 0, 26, 39, 75, 72, 15, 43, 44, 14, 86, 38, 87, 41, 56, 4, 80, 
Total distance: 1721.98
-----------------------------------------
/r2/r208.txt
Printing routes for 6 vehicles
1. route: 0, 27, 92, 59, 93, 85, 91, 16, 86, 44, 14, 23, 38, 8, 74, 
2. route: 0, 28, 12, 80, 68, 3, 33, 81, 78, 34, 35, 71, 66, 20, 70, 88, 79, 84, 4, 58, 
3. route: 0, 89, 18, 83, 60, 5, 61, 17, 45, 11, 19, 47, 48, 82, 7, 46, 36, 49, 65, 25, 
4. route: 0, 6, 94, 95, 97, 37, 98, 96, 62, 10, 90, 63, 32, 30, 31, 52, 87, 64, 100, 
5. route: 0, 26, 21, 75, 56, 39, 69, 1, 50, 51, 76, 29, 24, 54, 9, 55, 77, 
6. route: 0, 40, 73, 72, 22, 41, 15, 43, 42, 57, 2, 67, 99, 53, 13, 
Total distance: 1590.92
-----------------------------------------
/r2/r209.txt
Printing routes for 6 vehicles
1. route: 0, 27, 28, 2, 98, 38, 99, 73, 22, 85, 100, 94, 13, 58, 50, 96, 1, 
2. route: 0, 69, 63, 11, 62, 30, 33, 12, 16, 40, 41, 18, 49, 10, 66, 54, 89, 
3. route: 0, 95, 42, 15, 72, 23, 67, 39, 75, 61, 6, 8, 86, 17, 46, 20, 37, 91, 
4. route: 0, 83, 47, 36, 82, 64, 19, 7, 84, 93, 57, 25, 55, 80, 68, 77, 26, 43, 60, 
5. route: 0, 5, 45, 31, 88, 21, 76, 78, 9, 51, 70, 90, 81, 3, 4, 74, 32, 48, 
6. route: 0, 59, 92, 14, 44, 52, 29, 71, 65, 79, 53, 87, 56, 34, 35, 97, 24, 
Total distance: 2176.47
-----------------------------------------
/r2/r210.txt
Printing routes for 6 vehicles
1. route: 0, 92, 59, 98, 95, 36, 11, 18, 61, 91, 99, 96, 37, 8, 46, 60, 54, 4, 25, 
2. route: 0, 33, 29, 65, 71, 63, 51, 1, 76, 50, 78, 34, 9, 49, 32, 68, 70, 80, 
3. route: 0, 42, 14, 2, 21, 72, 69, 23, 73, 67, 41, 79, 20, 10, 35, 93, 
4. route: 0, 52, 27, 31, 7, 19, 62, 88, 48, 38, 87, 89, 97, 66, 13, 58, 
5. route: 0, 45, 83, 5, 82, 47, 64, 30, 90, 81, 3, 40, 22, 53, 26, 24, 56, 74, 77, 
6. route: 0, 12, 28, 39, 75, 15, 44, 16, 86, 85, 94, 57, 6, 84, 43, 55, 17, 100, 
Total distance: 2135.5
-----------------------------------------
/r2/r211.txt
Printing routes for 6 vehicles
1. route: 0, 27, 82, 47, 36, 88, 76, 51, 65, 9, 53, 34, 66, 35, 32, 58, 
2. route: 0, 28, 21, 72, 75, 23, 39, 67, 73, 85, 86, 6, 49, 20, 1, 77, 54, 
3. route: 0, 52, 83, 5, 45, 16, 38, 99, 18, 8, 84, 3, 56, 55, 25, 4, 74, 
4. route: 0, 69, 62, 63, 30, 33, 29, 12, 71, 78, 79, 87, 50, 89, 26, 68, 80, 24, 43, 
5. route: 0, 95, 92, 59, 98, 44, 14, 42, 15, 2, 40, 41, 22, 57, 46, 100, 93, 37, 96, 97, 13, 91, 
6. route: 0, 31, 11, 64, 19, 61, 7, 90, 81, 94, 70, 10, 48, 60, 17, 
Total distance: 1925.41
-----------------------------------------
/rc2/rc205.txt
Printing routes for 6 vehicles
1. route: 0, 92, 95, 63, 28, 31, 29, 64, 23, 21, 19, 76, 51, 18, 9, 49, 48, 20, 97, 74, 58, 
2. route: 0, 65, 82, 14, 12, 15, 16, 73, 7, 3, 40, 8, 79, 1, 43, 54, 96, 32, 89, 77, 
3. route: 0, 42, 39, 33, 62, 85, 30, 67, 94, 90, 53, 46, 4, 100, 
4. route: 0, 98, 45, 5, 2, 69, 61, 88, 99, 87, 78, 10, 66, 68, 35, 70, 80, 
5. route: 0, 36, 72, 27, 71, 44, 38, 81, 41, 37, 6, 55, 60, 17, 93, 
6. route: 0, 83, 52, 47, 11, 59, 75, 86, 57, 22, 84, 50, 34, 26, 56, 91, 24, 13, 25, 
Total distance: 2388.16
-----------------------------------------
/rc2/rc206.txt
Printing routes for 6 vehicles
1. route: 0, 65, 83, 59, 52, 11, 15, 16, 73, 7, 79, 78, 53, 3, 37, 43, 4, 60, 100, 
2. route: 0, 92, 63, 28, 31, 62, 71, 67, 44, 40, 41, 6, 46, 56, 54, 35, 91, 93, 80, 
3. route: 0, 72, 39, 45, 2, 12, 75, 18, 22, 57, 34, 26, 66, 74, 17, 25, 
4. route: 0, 42, 36, 5, 98, 88, 61, 38, 81, 94, 49, 20, 55, 13, 58, 89, 
5. route: 0, 14, 47, 82, 69, 64, 23, 21, 19, 99, 86, 87, 9, 8, 10, 97, 68, 1, 70, 
6. route: 0, 95, 33, 27, 29, 30, 76, 51, 85, 90, 84, 50, 96, 32, 24, 77, 48, 
Total distance: 2587.55
-----------------------------------------
/rc2/rc207.txt
Printing routes for 6 vehicles
1. route: 0, 69, 95, 82, 98, 88, 2, 45, 61, 70, 100, 6, 90, 93, 56, 80, 68, 20, 54, 48, 
2. route: 0, 65, 47, 14, 11, 15, 59, 12, 16, 9, 78, 53, 86, 94, 66, 50, 26, 32, 89, 
3. route: 0, 83, 63, 31, 29, 67, 71, 41, 40, 7, 87, 13, 17, 3, 37, 35, 60, 
4. route: 0, 92, 62, 28, 27, 30, 33, 76, 75, 22, 85, 57, 49, 34, 43, 91, 
5. route: 0, 64, 23, 52, 21, 19, 99, 51, 84, 18, 25, 77, 58, 74, 10, 97, 24, 
6. route: 0, 72, 42, 44, 39, 36, 38, 5, 73, 79, 8, 81, 46, 4, 55, 96, 1, 
Total distance: 2484.77
-----------------------------------------
/rc2/rc208.txt
Printing routes for 6 vehicles
1. route: 0, 69, 52, 59, 75, 99, 61, 41, 94, 49, 20, 24, 25, 48, 77, 58, 
2. route: 0, 65, 83, 21, 23, 19, 76, 51, 67, 90, 53, 57, 50, 56, 66, 91, 80, 37, 
3. route: 0, 98, 11, 15, 16, 73, 7, 78, 9, 86, 87, 3, 1, 55, 60, 4, 74, 
4. route: 0, 82, 12, 14, 47, 88, 2, 45, 5, 79, 8, 6, 46, 70, 100, 10, 13, 17, 97, 
5. route: 0, 92, 95, 63, 33, 30, 28, 29, 31, 27, 85, 18, 22, 89, 26, 32, 54, 35, 
6. route: 0, 64, 62, 71, 72, 38, 39, 44, 42, 36, 40, 81, 84, 34, 93, 96, 68, 43, 
Total distance: 1999.6
-----------------------------------------
[Training fitness: 62013.9]
[Test fitness: 62064.5]
################################
################################
################################
RUN 1
initializing
finding best expr in initial population
best in initial population: 
((((q * d) + (t_ready * slack_t)) max ((d_depot min t) / (dem min t_rem))) * (((t_rem + rt) min (d_depot min t_ready)) / ((d / q) * (d_depot - slack_t))))
fitness 67987.2
[TRAINING]: iteration 0: best sol so far: 67987.2
[TEST]: iteration 0: best sol so far: 64012.8
((((q * d) + (t_ready * slack_t)) max ((d_depot min t) / (dem min t_rem))) * (((t_rem + rt) min (d_depot min t_ready)) / ((d / q) * (d_depot - slack_t))))
[TRAINING]: iteration 500: best sol so far: 63211.3
[TEST]: iteration 500: best sol so far: 63352.6
((((q max wt) min (next_veh max t_rem)) max ((wt max t_ready) * (t_rem + t_rem))) + (((dt + d) max (slack_t min slack_t)) - ((slack_t max wt) + (dem - d))))
[TRAINING]: iteration 1000: best sol so far: 62643.9
[TEST]: iteration 1000: best sol so far: 62756.9
((((q max wt) min (next_veh max t_rem)) max ((wt max d) * (t_rem + t_rem))) + (((dt + d_depot) max (slack_t min slack_t)) - ((slack_t max wt) + (dem - t))))
[TRAINING]: iteration 1500: best sol so far: 62081.4
[TEST]: iteration 1500: best sol so far: 62116.3
((((next_veh min wt) + d) * t_rem) max ((d_depot * (d_depot min rt)) / (d_depot max d_depot)))
[TRAINING]: iteration 2000: best sol so far: 61919.2
[TEST]: iteration 2000: best sol so far: 62547.5
((((next_veh min wt) + d) * t_rem) max (((t_ready * d) max q) - (next_veh + (wt - d))))
[TRAINING]: iteration 2500: best sol so far: 61911.7
[TEST]: iteration 2500: best sol so far: 62551.5
((((next_veh min wt) + d) * t_rem) max (((t_ready * d) max q) - (next_veh + (wt + slack_t))))
best after gp: 
((((next_veh min wt) + d) * t_rem) max (((t_ready * d) max wt) - ((t max rt) * dem)))
best fitness: 61840.4
/c2/c205.txt
Printing routes for 6 vehicles
1. route: 0, 93, 75, 1, 100, 92, 98, 3, 89, 88, 86, 16, 15, 25, 42, 48, 90, 
2. route: 0, 20, 24, 30, 99, 69, 65, 49, 55, 53, 60, 84, 83, 46, 45, 71, 73, 79, 78, 96, 
3. route: 0, 22, 62, 72, 64, 32, 68, 35, 54, 56, 59, 40, 82, 76, 70, 80, 81, 77, 
4. route: 0, 67, 74, 61, 97, 31, 37, 39, 34, 28, 23, 19, 12, 13, 11, 8, 
5. route: 0, 63, 27, 6, 33, 95, 38, 36, 58, 26, 18, 14, 17, 9, 10, 87, 
6. route: 0, 5, 2, 29, 66, 94, 7, 4, 91, 57, 44, 85, 51, 50, 52, 47, 43, 41, 21, 
Total distance: 2157.09
-----------------------------------------
/c2/c206.txt
Printing routes for 6 vehicles
1. route: 0, 93, 75, 1, 66, 33, 65, 7, 53, 58, 26, 23, 46, 51, 52, 47, 43, 41, 48, 
2. route: 0, 67, 62, 72, 6, 32, 31, 49, 3, 91, 84, 83, 19, 15, 25, 10, 87, 
3. route: 0, 5, 2, 29, 100, 92, 95, 38, 36, 56, 59, 18, 14, 45, 50, 70, 79, 78, 96, 
4. route: 0, 22, 63, 61, 69, 35, 55, 54, 89, 88, 86, 82, 13, 9, 42, 8, 90, 
5. route: 0, 20, 27, 30, 99, 97, 94, 98, 4, 28, 57, 44, 85, 76, 71, 73, 80, 81, 77, 
6. route: 0, 24, 74, 64, 68, 37, 39, 34, 60, 40, 16, 12, 17, 11, 21, 
Total distance: 2373.19
-----------------------------------------
/c2/c207.txt
Printing routes for 6 vehicles
1. route: 0, 93, 75, 30, 32, 31, 37, 65, 3, 88, 57, 46, 50, 47, 43, 41, 78, 
2. route: 0, 5, 22, 20, 64, 69, 95, 54, 53, 56, 58, 60, 59, 40, 44, 45, 17, 8, 21, 11, 90, 
3. route: 0, 63, 72, 1, 100, 92, 7, 91, 86, 85, 71, 70, 79, 77, 
4. route: 0, 67, 74, 61, 66, 68, 98, 89, 23, 18, 16, 83, 51, 52, 25, 10, 48, 
5. route: 0, 24, 27, 29, 6, 33, 35, 38, 49, 55, 39, 36, 34, 28, 26, 19, 14, 12, 15, 13, 9, 42, 96, 
6. route: 0, 62, 2, 99, 97, 94, 4, 84, 82, 76, 73, 80, 81, 87, 
Total distance: 1852.44
-----------------------------------------
/c2/c208.txt
Printing routes for 6 vehicles
1. route: 0, 93, 5, 99, 64, 33, 35, 7, 34, 60, 84, 83, 15, 13, 9, 10, 8, 
2. route: 0, 20, 27, 29, 6, 68, 37, 39, 53, 58, 26, 18, 46, 45, 50, 73, 43, 21, 
3. route: 0, 22, 30, 74, 66, 65, 55, 4, 91, 57, 44, 85, 51, 52, 47, 42, 41, 48, 90, 
4. route: 0, 67, 63, 62, 61, 32, 31, 98, 36, 28, 23, 19, 14, 17, 25, 11, 87, 
5. route: 0, 24, 2, 72, 69, 94, 49, 3, 89, 88, 86, 16, 12, 71, 80, 81, 96, 
6. route: 0, 75, 1, 100, 97, 92, 95, 38, 54, 56, 59, 40, 82, 76, 70, 79, 78, 77, 
Total distance: 2523.97
-----------------------------------------
/r2/r207.txt
Printing routes for 6 vehicles
1. route: 0, 27, 52, 69, 1, 50, 3, 29, 24, 23, 67, 79, 78, 9, 51, 20, 32, 90, 66, 55, 25, 77, 
2. route: 0, 92, 59, 96, 94, 95, 97, 37, 98, 85, 91, 16, 61, 5, 60, 83, 18, 89, 40, 22, 84, 19, 70, 
3. route: 0, 53, 54, 68, 80, 
4. route: 0, 28, 33, 81, 65, 71, 30, 76, 12, 26, 21, 73, 72, 75, 41, 43, 100, 93, 
5. route: 0, 42, 57, 2, 39, 15, 44, 14, 99, 38, 87, 86, 10, 56, 4, 74, 58, 
6. route: 0, 45, 36, 47, 48, 62, 11, 64, 88, 31, 7, 82, 46, 8, 6, 49, 63, 34, 35, 13, 17, 
Total distance: 1585.2
-----------------------------------------
/r2/r208.txt
Printing routes for 6 vehicles
1. route: 0, 27, 92, 59, 93, 85, 91, 16, 86, 17, 44, 14, 38, 8, 46, 58, 
2. route: 0, 28, 12, 80, 68, 3, 33, 81, 78, 34, 35, 71, 66, 65, 99, 53, 36, 4, 77, 
3. route: 0, 69, 1, 50, 51, 20, 30, 70, 31, 88, 10, 90, 63, 32, 64, 49, 100, 
4. route: 0, 89, 18, 83, 60, 5, 61, 15, 43, 42, 57, 2, 67, 79, 84, 55, 25, 
5. route: 0, 6, 94, 95, 97, 37, 98, 96, 62, 11, 19, 47, 48, 82, 7, 52, 87, 45, 74, 
6. route: 0, 26, 40, 21, 73, 72, 75, 56, 39, 23, 22, 41, 76, 29, 24, 54, 9, 13, 
Total distance: 1507.22
-----------------------------------------
/r2/r209.txt
Printing routes for 6 vehicles
1. route: 0, 27, 31, 52, 88, 30, 29, 76, 33, 71, 9, 51, 79, 78, 81, 65, 66, 34, 50, 80, 54, 60, 
2. route: 0, 28, 2, 72, 23, 67, 21, 73, 22, 41, 85, 100, 87, 3, 77, 68, 96, 91, 
3. route: 0, 53, 6, 93, 37, 43, 1, 
4. route: 0, 69, 63, 11, 62, 82, 7, 8, 86, 38, 57, 56, 39, 25, 55, 4, 74, 97, 24, 
5. route: 0, 95, 59, 92, 14, 44, 98, 42, 15, 75, 12, 40, 16, 99, 18, 90, 70, 49, 10, 20, 35, 32, 48, 
6. route: 0, 83, 5, 45, 47, 36, 19, 64, 61, 84, 94, 13, 46, 17, 26, 58, 89, 
Total distance: 1718.96
-----------------------------------------
/r2/r210.txt
Printing routes for 6 vehicles
1. route: 0, 92, 59, 98, 44, 16, 61, 85, 91, 38, 86, 87, 84, 60, 89, 93, 17, 
2. route: 0, 27, 28, 12, 39, 75, 73, 21, 15, 23, 67, 40, 22, 41, 57, 2, 72, 97, 13, 58, 
3. route: 0, 53, 26, 52, 48, 46, 32, 77, 
4. route: 0, 69, 31, 11, 64, 65, 71, 51, 81, 78, 9, 34, 20, 10, 68, 80, 
5. route: 0, 33, 29, 76, 30, 90, 63, 79, 3, 50, 1, 49, 66, 70, 35, 100, 
6. route: 0, 42, 14, 45, 36, 47, 19, 62, 88, 7, 82, 18, 99, 95, 94, 6, 8, 83, 5, 96, 37, 43, 56, 54, 24, 55, 4, 74, 25, 
Total distance: 1599.58
-----------------------------------------
/r2/r211.txt
Printing routes for 6 vehicles
1. route: 0, 27, 31, 11, 64, 19, 47, 36, 7, 88, 51, 9, 71, 65, 90, 49, 70, 20, 66, 10, 32, 1, 24, 
2. route: 0, 28, 21, 72, 75, 23, 39, 67, 73, 87, 97, 13, 58, 74, 25, 
3. route: 0, 52, 82, 83, 5, 45, 16, 61, 99, 18, 8, 84, 85, 38, 17, 60, 91, 56, 
4. route: 0, 53, 6, 86, 46, 48, 89, 26, 55, 
5. route: 0, 69, 62, 63, 30, 33, 76, 12, 29, 78, 81, 79, 3, 50, 34, 35, 77, 68, 80, 54, 
6. route: 0, 95, 92, 59, 98, 44, 14, 42, 15, 2, 40, 41, 22, 57, 94, 96, 93, 37, 100, 43, 4, 
Total distance: 1472.58
-----------------------------------------
/rc2/rc205.txt
Printing routes for 6 vehicles
1. route: 0, 92, 95, 33, 28, 31, 29, 64, 23, 21, 19, 76, 30, 34, 51, 84, 18, 48, 20, 66, 80, 
2. route: 0, 65, 82, 52, 83, 63, 62, 44, 61, 38, 41, 8, 46, 7, 1, 43, 96, 93, 70, 
3. route: 0, 90, 81, 79, 78, 6, 3, 10, 55, 60, 13, 89, 25, 
4. route: 0, 69, 11, 88, 73, 99, 86, 87, 59, 75, 49, 56, 91, 24, 74, 58, 
5. route: 0, 42, 39, 36, 72, 27, 71, 67, 94, 40, 37, 53, 57, 97, 54, 35, 17, 77, 
6. route: 0, 98, 45, 5, 2, 47, 14, 12, 15, 16, 9, 22, 85, 50, 26, 32, 68, 4, 100, 
Total distance: 2342.7
-----------------------------------------
/rc2/rc206.txt
Printing routes for 6 vehicles
1. route: 0, 65, 95, 63, 33, 28, 27, 29, 31, 30, 62, 76, 51, 18, 86, 9, 3, 4, 13, 58, 77, 
2. route: 0, 92, 83, 59, 14, 15, 11, 52, 64, 23, 21, 19, 75, 87, 49, 50, 32, 43, 70, 48, 
3. route: 0, 90, 99, 57, 53, 20, 66, 96, 68, 100, 89, 
4. route: 0, 69, 47, 12, 16, 73, 88, 7, 8, 6, 79, 78, 60, 74, 25, 
5. route: 0, 72, 39, 42, 36, 45, 5, 61, 71, 40, 81, 94, 41, 46, 10, 97, 55, 1, 17, 24, 
6. route: 0, 82, 98, 2, 44, 38, 67, 85, 22, 84, 34, 26, 56, 54, 37, 35, 91, 93, 80, 
Total distance: 2475.4
-----------------------------------------
/rc2/rc207.txt
Printing routes for 6 vehicles
1. route: 0, 90, 7, 6, 73, 79, 8, 46, 4, 100, 70, 55, 68, 60, 
2. route: 0, 69, 82, 52, 59, 47, 14, 12, 11, 16, 15, 9, 75, 21, 22, 57, 99, 53, 78, 10, 13, 17, 96, 
3. route: 0, 83, 63, 85, 84, 18, 87, 74, 58, 77, 20, 97, 24, 
4. route: 0, 65, 95, 62, 28, 31, 29, 30, 33, 27, 71, 67, 51, 76, 19, 23, 25, 86, 49, 50, 34, 26, 32, 89, 
5. route: 0, 92, 64, 56, 66, 80, 3, 43, 1, 48, 
6. route: 0, 98, 88, 2, 5, 45, 61, 72, 38, 39, 44, 42, 40, 36, 81, 94, 93, 41, 35, 37, 54, 91, 
Total distance: 1805.36
-----------------------------------------
/rc2/rc208.txt
Printing routes for 6 vehicles
1. route: 0, 69, 52, 12, 14, 17, 10, 13, 97, 55, 
2. route: 0, 90, 99, 86, 87, 59, 75, 18, 25, 48, 89, 91, 35, 
3. route: 0, 65, 83, 64, 21, 23, 19, 76, 51, 85, 30, 28, 29, 31, 27, 33, 34, 50, 26, 32, 96, 37, 
4. route: 0, 98, 53, 78, 73, 9, 57, 22, 20, 56, 66, 80, 54, 43, 
5. route: 0, 82, 11, 15, 47, 16, 88, 2, 7, 45, 5, 8, 6, 79, 61, 70, 100, 3, 1, 46, 4, 60, 68, 
6. route: 0, 92, 95, 62, 63, 67, 71, 72, 38, 39, 44, 42, 40, 36, 41, 81, 94, 84, 49, 24, 77, 58, 74, 93, 
Total distance: 1602.88
-----------------------------------------
[Training fitness: 61840.4]
[Test fitness: 61924.4]
################################
################################
################################
RUN 2
initializing
finding best expr in initial population
best in initial population: 
((t_rem / next_veh) max wt)
fitness 64862.9
[TRAINING]: iteration 0: best sol so far: 64862.9
[TEST]: iteration 0: best sol so far: 65658.7
((t_rem / next_veh) max wt)
[TRAINING]: iteration 500: best sol so far: 63306.2
[TEST]: iteration 500: best sol so far: 64248.4
(((dem + (next_veh * wt)) max ((t + slack_t) min (dt - slack_t))) * dt)
[TRAINING]: iteration 1000: best sol so far: 62499.7
[TEST]: iteration 1000: best sol so far: 62493.2
((((d min slack_t) - (next_veh * wt)) - ((slack_t max slack_t) + (slack_t - next_veh))) max (((d * t_ready) max (slack_t / t_ready)) * ((t_ready + d) * (t_rem min dt))))
[TRAINING]: iteration 1500: best sol so far: 62480.4
[TEST]: iteration 1500: best sol so far: 62436.6
((((t_ready + t_rem) - t) + ((slack_t max slack_t) + (wt - next_veh))) max (((t_rem * t_ready) max q) * (d * (t_rem min dt))))
[TRAINING]: iteration 2000: best sol so far: 62212.8
[TEST]: iteration 2000: best sol so far: 62942
((((d min slack_t) - next_veh) - (slack_t + (t - next_veh))) max (((d * slack_t) max (slack_t / t_ready)) * ((t_ready + d) * (t_rem min dt))))
[TRAINING]: iteration 2500: best sol so far: 61802
[TEST]: iteration 2500: best sol so far: 61582.5
((((d min slack_t) - next_veh) - (t_ready / (q - next_veh))) max (((d * slack_t) max (slack_t / t_ready)) * ((wt + d) * (t_rem min dt))))
best after gp: 
((((slack_t min slack_t) - next_veh) - (slack_t + (d_depot - next_veh))) max (((d * t_rem) max q) * ((wt + d) * (t_rem min dt))))
best fitness: 61712.6
/c2/c205.txt
Printing routes for 6 vehicles
1. route: 0, 93, 75, 1, 100, 92, 95, 7, 4, 91, 84, 83, 85, 71, 73, 79, 78, 87, 
2. route: 0, 20, 24, 30, 6, 33, 35, 38, 36, 28, 23, 19, 14, 15, 13, 9, 10, 96, 
3. route: 0, 22, 27, 29, 32, 31, 37, 39, 34, 26, 18, 16, 12, 17, 25, 11, 8, 
4. route: 0, 67, 62, 72, 64, 69, 65, 55, 53, 58, 59, 40, 46, 51, 52, 43, 41, 21, 
5. route: 0, 63, 74, 61, 66, 68, 49, 54, 56, 60, 57, 44, 45, 50, 47, 42, 48, 90, 
6. route: 0, 5, 2, 99, 97, 94, 98, 3, 89, 88, 86, 82, 76, 70, 80, 81, 77, 
Total distance: 1079.57
-----------------------------------------
/c2/c206.txt
Printing routes for 6 vehicles
1. route: 0, 93, 75, 1, 100, 92, 95, 7, 4, 88, 84, 83, 85, 71, 73, 79, 78, 96, 
2. route: 0, 67, 62, 74, 64, 69, 65, 55, 53, 58, 59, 40, 46, 51, 52, 43, 41, 21, 
3. route: 0, 5, 2, 99, 97, 94, 98, 3, 89, 91, 86, 82, 76, 70, 80, 81, 77, 87, 
4. route: 0, 22, 63, 72, 66, 68, 49, 54, 56, 60, 57, 44, 45, 50, 47, 42, 48, 
5. route: 0, 20, 27, 29, 61, 32, 31, 37, 39, 34, 26, 18, 16, 12, 17, 25, 11, 8, 
6. route: 0, 24, 30, 6, 33, 35, 38, 36, 28, 23, 19, 14, 15, 13, 9, 10, 90, 
Total distance: 1110.16
-----------------------------------------
/c2/c207.txt
Printing routes for 6 vehicles
1. route: 0, 93, 75, 1, 100, 92, 95, 3, 91, 86, 85, 70, 80, 78, 
2. route: 0, 5, 2, 99, 97, 94, 98, 4, 88, 83, 76, 73, 81, 87, 
3. route: 0, 63, 72, 22, 6, 33, 35, 38, 36, 34, 28, 26, 23, 18, 19, 16, 14, 12, 15, 17, 13, 25, 9, 11, 48, 
4. route: 0, 67, 74, 64, 20, 69, 65, 55, 53, 58, 59, 40, 46, 51, 52, 21, 8, 10, 41, 77, 
5. route: 0, 24, 27, 30, 29, 32, 31, 37, 39, 7, 89, 84, 82, 71, 79, 90, 
6. route: 0, 62, 61, 66, 68, 49, 54, 56, 60, 57, 44, 45, 50, 47, 43, 42, 96, 
Total distance: 1302.74
-----------------------------------------
/c2/c208.txt
Printing routes for 6 vehicles
1. route: 0, 93, 5, 1, 100, 92, 95, 7, 4, 91, 84, 83, 85, 71, 73, 79, 78, 87, 
2. route: 0, 20, 27, 74, 64, 68, 49, 54, 56, 60, 57, 44, 45, 50, 47, 42, 48, 90, 
3. route: 0, 22, 30, 6, 32, 33, 35, 38, 36, 28, 23, 19, 14, 15, 13, 9, 10, 21, 
4. route: 0, 67, 63, 62, 61, 69, 31, 37, 39, 34, 26, 18, 16, 12, 17, 25, 11, 8, 
5. route: 0, 24, 29, 72, 66, 65, 55, 53, 58, 59, 40, 46, 51, 52, 43, 41, 96, 
6. route: 0, 75, 2, 99, 97, 94, 98, 3, 89, 88, 86, 82, 76, 70, 80, 81, 77, 
Total distance: 1142.37
-----------------------------------------
/r2/r207.txt
Printing routes for 6 vehicles
1. route: 0, 92, 59, 96, 94, 95, 97, 37, 98, 85, 15, 43, 38, 87, 41, 84, 10, 70, 
2. route: 0, 27, 69, 1, 50, 30, 76, 3, 79, 78, 34, 29, 24, 68, 80, 
3. route: 0, 28, 33, 81, 65, 71, 11, 19, 48, 82, 7, 52, 53, 22, 56, 74, 17, 93, 
4. route: 0, 42, 57, 2, 39, 23, 75, 72, 73, 21, 40, 26, 12, 67, 54, 55, 4, 25, 100, 
5. route: 0, 45, 36, 47, 62, 64, 88, 31, 90, 63, 32, 20, 9, 51, 49, 13, 58, 
6. route: 0, 89, 18, 83, 60, 5, 61, 16, 91, 44, 14, 86, 99, 6, 8, 46, 66, 35, 77, 
Total distance: 1445.76
-----------------------------------------
/r2/r208.txt
Printing routes for 6 vehicles
1. route: 0, 27, 92, 59, 93, 85, 91, 16, 44, 14, 38, 86, 8, 46, 36, 13, 
2. route: 0, 28, 12, 80, 68, 3, 69, 1, 50, 76, 33, 81, 78, 34, 35, 71, 66, 20, 64, 100, 
3. route: 0, 89, 18, 83, 60, 5, 61, 17, 45, 11, 19, 47, 48, 82, 7, 88, 79, 29, 24, 55, 25, 
4. route: 0, 6, 94, 95, 97, 37, 98, 96, 62, 10, 90, 63, 32, 30, 70, 31, 52, 9, 51, 65, 74, 
5. route: 0, 26, 21, 75, 56, 39, 23, 67, 99, 53, 54, 4, 77, 
6. route: 0, 40, 73, 72, 22, 41, 15, 43, 42, 57, 2, 87, 84, 49, 58, 
Total distance: 1327.49
-----------------------------------------
/r2/r209.txt
Printing routes for 6 vehicles
1. route: 0, 27, 59, 98, 99, 16, 61, 85, 93, 86, 38, 49, 10, 26, 97, 56, 74, 24, 
2. route: 0, 28, 72, 21, 12, 76, 33, 9, 81, 3, 77, 68, 80, 54, 55, 25, 4, 
3. route: 0, 95, 42, 14, 44, 52, 30, 29, 78, 79, 40, 53, 87, 6, 13, 58, 50, 34, 35, 32, 1, 89, 
4. route: 0, 69, 31, 88, 62, 11, 19, 7, 18, 8, 84, 17, 46, 36, 20, 66, 43, 48, 
5. route: 0, 83, 45, 47, 82, 63, 64, 71, 65, 51, 90, 70, 94, 96, 60, 
6. route: 0, 5, 92, 2, 15, 23, 75, 73, 22, 41, 67, 39, 57, 100, 37, 91, 
Total distance: 1654.25
-----------------------------------------
/r2/r210.txt
Printing routes for 6 vehicles
1. route: 0, 92, 59, 98, 95, 2, 21, 72, 73, 15, 16, 61, 85, 91, 94, 40, 53, 26, 1, 32, 68, 80, 77, 
2. route: 0, 27, 28, 12, 65, 71, 51, 88, 7, 82, 18, 83, 5, 84, 60, 89, 56, 74, 58, 
3. route: 0, 33, 29, 39, 75, 23, 67, 41, 22, 57, 9, 10, 70, 17, 
4. route: 0, 42, 14, 44, 86, 99, 96, 6, 8, 46, 49, 48, 54, 24, 4, 93, 
5. route: 0, 52, 31, 69, 11, 63, 90, 76, 50, 81, 78, 79, 3, 34, 20, 66, 35, 13, 100, 
6. route: 0, 45, 36, 47, 19, 62, 30, 64, 38, 87, 37, 97, 43, 55, 25, 
Total distance: 1690.25
-----------------------------------------
/r2/r211.txt
Printing routes for 6 vehicles
1. route: 0, 27, 82, 47, 36, 88, 21, 72, 40, 53, 6, 96, 93, 60, 89, 48, 
2. route: 0, 28, 12, 29, 33, 76, 73, 23, 67, 22, 87, 37, 100, 91, 43, 56, 
3. route: 0, 52, 83, 5, 45, 16, 61, 99, 85, 86, 38, 81, 34, 50, 70, 20, 66, 32, 35, 
4. route: 0, 69, 62, 63, 30, 71, 65, 51, 9, 78, 79, 3, 77, 68, 80, 54, 55, 17, 
5. route: 0, 95, 92, 59, 98, 44, 14, 42, 15, 2, 75, 39, 41, 57, 94, 97, 13, 58, 74, 24, 
6. route: 0, 31, 11, 64, 19, 7, 18, 8, 84, 90, 49, 46, 10, 1, 26, 4, 25, 
Total distance: 1594.98
-----------------------------------------
/rc2/rc205.txt
Printing routes for 6 vehicles
1. route: 0, 92, 95, 33, 28, 31, 29, 62, 67, 30, 34, 26, 84, 49, 48, 56, 91, 68, 60, 17, 25, 
2. route: 0, 65, 82, 52, 83, 64, 23, 21, 19, 76, 51, 18, 22, 9, 10, 13, 77, 
3. route: 0, 42, 44, 61, 71, 81, 90, 53, 57, 20, 66, 55, 50, 89, 80, 
4. route: 0, 98, 45, 5, 2, 7, 69, 15, 16, 47, 14, 88, 99, 86, 87, 59, 75, 97, 74, 24, 58, 
5. route: 0, 36, 72, 27, 63, 85, 11, 12, 73, 79, 78, 6, 3, 4, 70, 100, 
6. route: 0, 39, 38, 40, 41, 8, 46, 1, 94, 96, 54, 43, 37, 35, 32, 93, 
Total distance: 2032.48
-----------------------------------------
/rc2/rc206.txt
Printing routes for 6 vehicles
1. route: 0, 65, 82, 69, 98, 52, 12, 88, 61, 90, 99, 86, 87, 18, 48, 25, 24, 89, 
2. route: 0, 92, 63, 33, 28, 27, 31, 29, 30, 67, 71, 81, 94, 75, 97, 74, 13, 17, 58, 77, 
3. route: 0, 72, 39, 44, 38, 40, 41, 
4. route: 0, 95, 62, 64, 23, 21, 19, 76, 51, 85, 84, 22, 49, 20, 56, 50, 34, 32, 26, 37, 93, 80, 
5. route: 0, 83, 59, 14, 47, 15, 11, 16, 73, 79, 78, 53, 9, 57, 10, 66, 96, 54, 68, 55, 4, 60, 100, 91, 
6. route: 0, 42, 36, 45, 5, 2, 7, 6, 8, 46, 3, 1, 43, 35, 70, 
Total distance: 1779.26
-----------------------------------------
/rc2/rc207.txt
Printing routes for 6 vehicles
1. route: 0, 69, 98, 88, 2, 5, 45, 7, 6, 8, 79, 94, 80, 68, 3, 46, 4, 43, 35, 1, 
2. route: 0, 83, 82, 52, 59, 47, 14, 12, 11, 16, 15, 9, 99, 90, 53, 57, 22, 20, 24, 48, 
3. route: 0, 65, 95, 67, 71, 61, 81, 93, 49, 25, 77, 58, 74, 54, 100, 
4. route: 0, 92, 62, 28, 27, 29, 76, 19, 18, 51, 84, 56, 66, 50, 96, 37, 70, 
5. route: 0, 64, 63, 31, 30, 33, 21, 23, 75, 86, 87, 85, 34, 26, 32, 89, 91, 
6. route: 0, 72, 42, 44, 39, 38, 36, 40, 41, 73, 78, 17, 13, 10, 97, 55, 60, 
Total distance: 1868.43
-----------------------------------------
/rc2/rc208.txt
Printing routes for 6 vehicles
1. route: 0, 69, 52, 59, 75, 99, 86, 57, 87, 9, 90, 100, 70, 55, 68, 80, 43, 
2. route: 0, 65, 83, 21, 23, 19, 18, 22, 49, 20, 24, 25, 48, 77, 58, 
3. route: 0, 98, 12, 14, 47, 88, 2, 45, 5, 8, 46, 3, 1, 4, 60, 17, 13, 
4. route: 0, 82, 11, 15, 16, 73, 7, 6, 79, 78, 53, 94, 93, 96, 54, 37, 35, 
5. route: 0, 92, 95, 63, 76, 51, 85, 30, 28, 29, 31, 27, 33, 34, 50, 26, 32, 89, 97, 
6. route: 0, 64, 62, 67, 71, 72, 38, 39, 44, 42, 40, 36, 41, 61, 81, 84, 56, 66, 91, 10, 74, 
Total distance: 1583.03
-----------------------------------------
[Training fitness: 61712.6]
[Test fitness: 61508.5]
################################
################################
################################
RUN 3
initializing
finding best expr in initial population
best in initial population: 
((((t - dem) max (rt + slack_t)) * ((d max wt) min (q min t_rem))) + (((slack_t min rt) min (next_veh * next_veh)) / ((wt min t_rem) + (q max wt))))
fitness 63376.2
[TRAINING]: iteration 0: best sol so far: 63376.2
[TEST]: iteration 0: best sol so far: 63583.4
((((t - dem) max (rt + slack_t)) * ((d max wt) min (q min t_rem))) + (((slack_t min rt) min (next_veh * next_veh)) / ((wt min t_rem) + (q max wt))))
[TRAINING]: iteration 500: best sol so far: 62605.5
[TEST]: iteration 500: best sol so far: 62702.5
(((t_rem + (dt min d_depot)) * ((d max wt) min (q min q))) max d)
[TRAINING]: iteration 1000: best sol so far: 62393
[TEST]: iteration 1000: best sol so far: 62483.4
((dt * ((q max d) max (t_ready * t_rem))) * d)
[TRAINING]: iteration 1500: best sol so far: 62368.5
[TEST]: iteration 1500: best sol so far: 62317.3
(((t_rem * (d / next_veh)) * ((d max wt) min (q min t_rem))) + dt)
[TRAINING]: iteration 2000: best sol so far: 62346.2
[TEST]: iteration 2000: best sol so far: 62355.9
(((t_rem * (d / next_veh)) * ((d max wt) max (t_ready * t_rem))) * ((dt / (next_veh / d)) - ((t_ready / d) - (t_rem + rt))))
[TRAINING]: iteration 2500: best sol so far: 61915.5
[TEST]: iteration 2500: best sol so far: 61779
(((t_rem + (dt min d)) * ((d max wt) min (q min t_rem))) * ((dt / (next_veh / d)) - ((q / d) - (t_rem + rt))))
best after gp: 
(((t_rem * (d / next_veh)) * ((d max wt) min (q min t_rem))) + ((dt min (t_ready * next_veh)) - (t - slack_t)))
best fitness: 61648.6
/c2/c205.txt
Printing routes for 6 vehicles
1. route: 0, 93, 5, 1, 100, 92, 95, 7, 4, 91, 84, 83, 85, 71, 73, 79, 78, 87, 
2. route: 0, 20, 24, 30, 6, 33, 35, 38, 36, 28, 23, 19, 14, 15, 13, 9, 10, 21, 
3. route: 0, 22, 27, 29, 32, 31, 37, 39, 34, 26, 18, 16, 12, 17, 25, 11, 8, 
4. route: 0, 67, 75, 72, 64, 69, 65, 55, 53, 58, 59, 40, 46, 51, 52, 43, 41, 96, 
5. route: 0, 63, 2, 99, 97, 94, 98, 3, 89, 88, 86, 82, 76, 70, 80, 81, 77, 
6. route: 0, 62, 74, 61, 66, 68, 49, 54, 56, 60, 57, 44, 45, 50, 47, 42, 48, 90, 
Total distance: 1132.2
-----------------------------------------
/c2/c206.txt
Printing routes for 6 vehicles
1. route: 0, 93, 75, 1, 100, 92, 95, 7, 4, 91, 84, 83, 82, 85, 76, 71, 73, 80, 79, 78, 90, 
2. route: 0, 67, 63, 62, 61, 66, 68, 49, 54, 56, 88, 86, 14, 17, 9, 10, 21, 
3. route: 0, 24, 29, 72, 32, 31, 37, 39, 58, 59, 40, 46, 51, 70, 47, 42, 48, 
4. route: 0, 5, 2, 99, 97, 94, 98, 3, 89, 28, 23, 19, 15, 25, 81, 77, 87, 
5. route: 0, 22, 30, 6, 33, 35, 38, 36, 34, 26, 18, 16, 12, 13, 11, 8, 
6. route: 0, 20, 27, 74, 64, 69, 65, 55, 53, 60, 57, 44, 45, 50, 52, 43, 41, 96, 
Total distance: 1465.43
-----------------------------------------
/c2/c207.txt
Printing routes for 6 vehicles
1. route: 0, 93, 75, 1, 100, 92, 95, 7, 4, 88, 83, 85, 70, 80, 78, 
2. route: 0, 5, 2, 99, 97, 94, 98, 3, 91, 86, 51, 8, 21, 25, 11, 77, 
3. route: 0, 63, 72, 64, 69, 65, 55, 53, 89, 84, 82, 71, 43, 41, 96, 
4. route: 0, 67, 74, 22, 20, 32, 33, 37, 39, 28, 58, 18, 19, 16, 14, 12, 15, 17, 13, 9, 10, 81, 87, 
5. route: 0, 24, 27, 30, 29, 6, 31, 35, 38, 36, 34, 26, 23, 57, 44, 45, 52, 47, 42, 48, 
6. route: 0, 62, 61, 66, 68, 49, 54, 56, 60, 59, 40, 46, 50, 76, 73, 79, 90, 
Total distance: 1579.49
-----------------------------------------
/c2/c208.txt
Printing routes for 6 vehicles
1. route: 0, 93, 5, 75, 1, 97, 95, 3, 91, 84, 83, 85, 71, 73, 79, 78, 87, 
2. route: 0, 20, 27, 2, 100, 92, 98, 4, 88, 86, 82, 76, 70, 80, 81, 77, 
3. route: 0, 22, 30, 6, 32, 33, 31, 35, 37, 38, 39, 36, 34, 28, 23, 19, 14, 15, 13, 9, 10, 21, 
4. route: 0, 67, 63, 72, 99, 94, 7, 89, 26, 18, 16, 12, 17, 25, 11, 8, 
5. route: 0, 24, 29, 64, 69, 65, 55, 53, 58, 59, 40, 46, 51, 52, 43, 41, 96, 
6. route: 0, 62, 74, 61, 66, 68, 49, 54, 56, 60, 57, 44, 45, 50, 47, 42, 48, 90, 
Total distance: 1182.08
-----------------------------------------
/r2/r207.txt
Printing routes for 6 vehicles
1. route: 0, 92, 37, 98, 85, 91, 16, 86, 44, 61, 38, 87, 6, 24, 55, 4, 13, 58, 
2. route: 0, 42, 43, 14, 15, 57, 2, 23, 75, 72, 73, 21, 26, 12, 54, 22, 53, 10, 70, 
3. route: 0, 28, 33, 81, 51, 65, 71, 20, 30, 32, 76, 3, 79, 78, 9, 34, 29, 66, 35, 77, 
4. route: 0, 45, 36, 47, 48, 62, 11, 64, 63, 90, 19, 46, 8, 49, 68, 80, 
5. route: 0, 89, 52, 27, 69, 1, 50, 39, 67, 40, 41, 56, 74, 25, 93, 
6. route: 0, 94, 95, 97, 96, 59, 5, 60, 83, 18, 82, 7, 88, 31, 99, 84, 17, 100, 
Total distance: 1422.64
-----------------------------------------
/r2/r208.txt
Printing routes for 6 vehicles
1. route: 0, 27, 92, 37, 98, 85, 91, 16, 86, 44, 14, 38, 99, 84, 25, 
2. route: 0, 28, 12, 80, 68, 3, 33, 81, 51, 20, 30, 70, 11, 19, 47, 48, 82, 8, 74, 
3. route: 0, 89, 52, 18, 83, 60, 5, 61, 17, 45, 46, 62, 88, 31, 10, 7, 9, 4, 77, 
4. route: 0, 6, 94, 95, 97, 59, 93, 96, 69, 1, 50, 76, 67, 79, 55, 100, 
5. route: 0, 26, 54, 24, 29, 78, 34, 35, 71, 65, 66, 32, 90, 63, 64, 49, 36, 53, 58, 
6. route: 0, 40, 21, 73, 72, 75, 22, 41, 15, 43, 42, 57, 2, 23, 56, 39, 87, 13, 
Total distance: 1282.04
-----------------------------------------
/r2/r209.txt
Printing routes for 6 vehicles
1. route: 0, 27, 28, 2, 52, 12, 76, 71, 65, 9, 51, 90, 70, 49, 10, 20, 32, 48, 
2. route: 0, 95, 72, 23, 39, 67, 75, 41, 22, 85, 93, 87, 13, 58, 74, 50, 96, 1, 
3. route: 0, 69, 63, 11, 62, 31, 88, 30, 33, 29, 78, 79, 81, 66, 35, 34, 68, 80, 54, 89, 
4. route: 0, 83, 45, 47, 36, 82, 64, 19, 7, 8, 18, 84, 17, 46, 37, 43, 91, 
5. route: 0, 5, 14, 44, 98, 99, 16, 61, 38, 86, 100, 57, 56, 25, 55, 4, 26, 24, 
6. route: 0, 59, 92, 42, 15, 21, 73, 40, 53, 6, 94, 3, 77, 97, 60, 
Total distance: 1603.36
-----------------------------------------
/r2/r210.txt
Printing routes for 6 vehicles
1. route: 0, 92, 98, 59, 95, 2, 21, 73, 23, 67, 22, 9, 20, 66, 35, 17, 100, 
2. route: 0, 33, 29, 65, 71, 69, 30, 51, 81, 34, 78, 79, 1, 49, 32, 68, 80, 
3. route: 0, 42, 14, 16, 85, 61, 5, 44, 86, 38, 91, 37, 8, 46, 60, 10, 70, 93, 
4. route: 0, 52, 27, 31, 7, 82, 83, 62, 88, 18, 48, 99, 94, 6, 96, 84, 89, 43, 74, 77, 
5. route: 0, 45, 36, 47, 19, 63, 64, 11, 90, 76, 50, 3, 87, 97, 56, 4, 25, 
6. route: 0, 12, 28, 39, 75, 72, 15, 57, 40, 41, 53, 26, 24, 54, 55, 13, 58, 
Total distance: 1717.6
-----------------------------------------
/r2/r211.txt
Printing routes for 6 vehicles
1. route: 0, 27, 31, 62, 11, 63, 64, 65, 78, 81, 34, 66, 35, 68, 24, 43, 
2. route: 0, 28, 12, 30, 71, 51, 9, 90, 49, 10, 32, 48, 
3. route: 0, 52, 82, 47, 36, 19, 88, 7, 18, 8, 84, 6, 53, 26, 56, 74, 4, 25, 
4. route: 0, 69, 33, 29, 76, 79, 3, 20, 77, 80, 54, 55, 
5. route: 0, 95, 92, 98, 59, 5, 83, 45, 61, 16, 44, 14, 38, 86, 85, 99, 94, 87, 46, 93, 100, 37, 96, 97, 13, 58, 91, 
6. route: 0, 2, 21, 72, 75, 23, 39, 67, 73, 15, 42, 57, 41, 22, 40, 50, 70, 1, 89, 60, 17, 
Total distance: 1492.18
-----------------------------------------
/rc2/rc205.txt
Printing routes for 6 vehicles
1. route: 0, 92, 95, 63, 28, 31, 29, 62, 85, 23, 76, 51, 22, 84, 50, 34, 26, 32, 89, 24, 25, 
2. route: 0, 65, 83, 52, 47, 15, 16, 73, 88, 61, 81, 53, 46, 1, 4, 70, 100, 
3. route: 0, 42, 45, 5, 2, 7, 69, 64, 19, 21, 18, 99, 9, 6, 10, 97, 13, 58, 
4. route: 0, 98, 82, 14, 12, 11, 59, 75, 86, 57, 87, 49, 48, 20, 56, 91, 68, 74, 77, 
5. route: 0, 39, 72, 27, 71, 44, 38, 40, 41, 37, 8, 66, 55, 60, 17, 80, 
6. route: 0, 36, 33, 30, 67, 94, 90, 79, 78, 3, 43, 54, 96, 35, 93, 
Total distance: 2216.97
-----------------------------------------
/rc2/rc206.txt
Printing routes for 6 vehicles
1. route: 0, 65, 14, 47, 15, 11, 12, 16, 73, 88, 61, 81, 94, 99, 20, 66, 55, 1, 70, 
2. route: 0, 92, 63, 28, 27, 30, 76, 21, 19, 22, 57, 53, 3, 37, 43, 35, 93, 80, 
3. route: 0, 95, 33, 31, 29, 71, 67, 51, 85, 84, 49, 34, 26, 32, 89, 91, 
4. route: 0, 72, 62, 64, 52, 59, 75, 23, 18, 86, 87, 9, 10, 97, 74, 13, 17, 58, 
5. route: 0, 83, 82, 69, 98, 2, 45, 5, 7, 8, 6, 79, 78, 46, 4, 60, 100, 
6. route: 0, 42, 39, 36, 44, 38, 40, 41, 90, 50, 56, 96, 54, 68, 24, 48, 25, 77, 
Total distance: 1936.77
-----------------------------------------
/rc2/rc207.txt
Printing routes for 6 vehicles
1. route: 0, 69, 2, 5, 45, 88, 71, 41, 7, 8, 79, 53, 90, 66, 56, 80, 68, 55, 46, 1, 60, 
2. route: 0, 83, 59, 52, 21, 23, 19, 22, 18, 25, 77, 58, 74, 97, 48, 
3. route: 0, 65, 82, 98, 47, 14, 12, 11, 15, 16, 9, 75, 86, 57, 99, 49, 20, 24, 
4. route: 0, 92, 95, 62, 31, 30, 33, 67, 61, 70, 100, 6, 73, 78, 17, 87, 13, 10, 3, 4, 96, 
5. route: 0, 64, 63, 28, 27, 29, 76, 51, 85, 84, 81, 94, 93, 50, 34, 26, 32, 89, 
6. route: 0, 72, 42, 44, 39, 36, 38, 40, 35, 37, 43, 54, 91, 
Total distance: 1702.8
-----------------------------------------
/rc2/rc208.txt
Printing routes for 6 vehicles
1. route: 0, 69, 2, 45, 5, 3, 46, 1, 4, 100, 55, 97, 
2. route: 0, 65, 83, 19, 76, 51, 85, 67, 94, 81, 61, 39, 37, 43, 70, 68, 26, 
3. route: 0, 98, 12, 14, 47, 16, 59, 75, 86, 57, 99, 87, 9, 10, 13, 17, 60, 74, 
4. route: 0, 82, 52, 11, 15, 73, 7, 6, 8, 79, 78, 53, 88, 90, 84, 56, 66, 91, 80, 50, 32, 
5. route: 0, 92, 64, 21, 23, 18, 22, 49, 20, 24, 25, 48, 77, 58, 89, 
6. route: 0, 95, 62, 63, 33, 30, 28, 29, 31, 27, 71, 72, 41, 42, 44, 40, 38, 36, 35, 54, 96, 93, 34, 
Total distance: 1640.08
-----------------------------------------
[Training fitness: 61648.6]
[Test fitness: 61567.2]
################################
################################
################################
RUN 4
initializing
finding best expr in initial population
best in initial population: 
((((t_rem + d_depot) + (t_rem - d)) min ((wt max dem) * (d max rt))) * (((next_veh min rt) / (t_ready / dt)) + ((q max d) + (d + slack_t))))
fitness 67073.1
[TRAINING]: iteration 0: best sol so far: 67073.1
[TEST]: iteration 0: best sol so far: 71334.9
((((t_rem + d_depot) + (t_rem - d)) min ((wt max dem) * (d max rt))) * (((next_veh min rt) / (t_ready / dt)) + ((q max d) + (d + slack_t))))
[TRAINING]: iteration 500: best sol so far: 62679.2
[TEST]: iteration 500: best sol so far: 63563.8
((((t_ready max next_veh) / (wt + t)) + ((t_rem max t_ready) + (d + t))) max (((t_rem / next_veh) - (slack_t - dt)) max ((dt / dem) max (d * wt))))
[TRAINING]: iteration 1000: best sol so far: 62322.6
[TEST]: iteration 1000: best sol so far: 63743.2
((((d * wt) max (dt max d_depot)) max ((t_rem max t_ready) min (d - d))) * (((next_veh max t_rem) max (dem min slack_t)) max ((dt * d) max (wt * t_ready))))
[TRAINING]: iteration 1500: best sol so far: 61624.6
[TEST]: iteration 1500: best sol so far: 61419
((((t_ready * d_depot) / (slack_t min slack_t)) + ((t_rem * d) + (d * slack_t))) * (((d min next_veh) max t_rem) max ((dt * d) max (wt * t_ready))))
[TRAINING]: iteration 2000: best sol so far: 61615.4
[TEST]: iteration 2000: best sol so far: 61476.8
((((t_ready * d_depot) / (slack_t min slack_t)) + ((t_rem * d) + (d * slack_t))) * (((d + t_rem) * (t_ready - q)) max ((dt * d) max (wt * t_ready))))
[TRAINING]: iteration 2500: best sol so far: 61615.4
[TEST]: iteration 2500: best sol so far: 61476.8
((((t_ready * d_depot) / (slack_t min slack_t)) + ((t_rem * d) + (d * slack_t))) * (((d + t_rem) * (t_ready - q)) max ((dt * d) max (wt * t_ready))))
best after gp: 
((((t_ready * d_depot) / (slack_t min slack_t)) + ((t_rem * d) + (d * slack_t))) * (((d + t_rem) * (t_ready - q)) max ((dt * d) max (wt * t_ready))))
best fitness: 61615.4
/c2/c205.txt
Printing routes for 6 vehicles
1. route: 0, 93, 75, 1, 100, 92, 95, 7, 4, 91, 84, 83, 85, 71, 73, 79, 78, 96, 
2. route: 0, 20, 24, 30, 6, 33, 35, 38, 36, 28, 23, 19, 14, 15, 13, 9, 10, 90, 
3. route: 0, 22, 27, 29, 32, 31, 37, 39, 34, 26, 18, 16, 12, 17, 25, 11, 8, 
4. route: 0, 67, 62, 72, 64, 69, 65, 55, 53, 58, 59, 40, 46, 51, 52, 43, 41, 21, 
5. route: 0, 63, 74, 61, 66, 68, 49, 54, 56, 60, 57, 44, 45, 50, 47, 42, 48, 87, 
6. route: 0, 5, 2, 99, 97, 94, 98, 3, 89, 88, 86, 82, 76, 70, 80, 81, 77, 
Total distance: 1070.5
-----------------------------------------
/c2/c206.txt
Printing routes for 6 vehicles
1. route: 0, 93, 75, 1, 100, 92, 95, 7, 4, 88, 84, 83, 85, 45, 50, 47, 42, 48, 
2. route: 0, 67, 63, 62, 61, 66, 33, 35, 38, 36, 28, 23, 19, 16, 12, 13, 9, 10, 90, 
3. route: 0, 24, 29, 6, 32, 31, 37, 39, 34, 60, 57, 44, 14, 15, 70, 80, 81, 8, 
4. route: 0, 5, 2, 99, 97, 94, 98, 3, 89, 91, 86, 82, 76, 71, 73, 79, 78, 77, 87, 
5. route: 0, 22, 30, 72, 69, 65, 55, 53, 58, 26, 18, 17, 25, 11, 96, 
6. route: 0, 20, 27, 74, 64, 68, 49, 54, 56, 59, 40, 46, 51, 52, 43, 41, 21, 
Total distance: 1438.22
-----------------------------------------
/c2/c207.txt
Printing routes for 6 vehicles
1. route: 0, 93, 75, 1, 100, 92, 95, 3, 91, 86, 85, 71, 79, 77, 
2. route: 0, 5, 2, 99, 97, 94, 98, 4, 88, 83, 51, 47, 43, 41, 90, 
3. route: 0, 63, 72, 66, 68, 49, 54, 56, 60, 57, 44, 12, 15, 13, 9, 10, 42, 96, 
4. route: 0, 67, 74, 64, 69, 65, 55, 53, 58, 59, 40, 46, 50, 52, 21, 70, 81, 87, 
5. route: 0, 24, 27, 30, 29, 6, 32, 31, 37, 39, 34, 28, 26, 23, 18, 19, 16, 14, 45, 17, 8, 25, 11, 48, 
6. route: 0, 62, 61, 22, 20, 33, 35, 38, 36, 7, 89, 84, 82, 76, 73, 80, 78, 
Total distance: 1509.65
-----------------------------------------
/c2/c208.txt
Printing routes for 6 vehicles
1. route: 0, 93, 5, 1, 100, 92, 95, 7, 4, 91, 84, 83, 16, 12, 71, 73, 81, 77, 
2. route: 0, 20, 27, 6, 33, 35, 38, 36, 28, 23, 19, 14, 15, 13, 9, 10, 21, 
3. route: 0, 22, 30, 74, 61, 66, 68, 49, 54, 56, 60, 57, 44, 85, 51, 52, 80, 42, 48, 90, 
4. route: 0, 67, 63, 62, 72, 64, 69, 65, 55, 53, 58, 59, 40, 46, 45, 50, 47, 43, 41, 96, 
5. route: 0, 24, 29, 32, 31, 37, 39, 34, 26, 18, 17, 25, 11, 8, 
6. route: 0, 75, 2, 99, 97, 94, 98, 3, 89, 88, 86, 82, 76, 70, 79, 78, 87, 
Total distance: 1390.81
-----------------------------------------
/r2/r207.txt
Printing routes for 6 vehicles
1. route: 0, 27, 62, 88, 31, 52, 18, 83, 60, 5, 84, 8, 82, 47, 49, 66, 35, 77, 
2. route: 0, 92, 59, 96, 94, 95, 97, 37, 98, 85, 91, 44, 14, 38, 99, 87, 6, 89, 7, 48, 19, 46, 61, 93, 
3. route: 0, 69, 1, 50, 3, 76, 12, 26, 53, 41, 57, 2, 43, 16, 86, 17, 100, 
4. route: 0, 28, 33, 81, 65, 71, 30, 20, 51, 79, 9, 29, 54, 55, 4, 13, 58, 
5. route: 0, 42, 15, 39, 23, 67, 40, 21, 73, 72, 22, 75, 56, 74, 25, 70, 
6. route: 0, 45, 36, 11, 64, 63, 90, 32, 78, 34, 24, 10, 68, 80, 
Total distance: 1365.55
-----------------------------------------
/r2/r208.txt
Printing routes for 6 vehicles
1. route: 0, 27, 92, 59, 93, 85, 91, 44, 14, 38, 86, 16, 61, 84, 17, 36, 4, 77, 
2. route: 0, 69, 1, 50, 76, 79, 29, 24, 54, 55, 25, 
3. route: 0, 28, 26, 12, 80, 68, 3, 33, 81, 78, 34, 35, 71, 66, 20, 30, 51, 9, 65, 64, 13, 
4. route: 0, 89, 6, 94, 95, 97, 37, 98, 96, 5, 60, 83, 18, 52, 88, 31, 70, 10, 90, 63, 32, 8, 45, 46, 49, 100, 
5. route: 0, 62, 11, 19, 47, 48, 82, 7, 99, 87, 53, 40, 58, 
6. route: 0, 15, 43, 42, 57, 2, 23, 67, 39, 56, 75, 22, 41, 73, 72, 21, 74, 
Total distance: 1171.53
-----------------------------------------
/r2/r209.txt
Printing routes for 6 vehicles
1. route: 0, 28, 12, 76, 29, 78, 79, 33, 51, 90, 70, 49, 10, 20, 32, 48, 
2. route: 0, 27, 69, 30, 63, 47, 36, 64, 71, 9, 81, 77, 68, 80, 34, 35, 66, 1, 24, 
3. route: 0, 95, 59, 92, 98, 5, 99, 61, 85, 93, 84, 86, 38, 46, 17, 96, 60, 
4. route: 0, 31, 88, 62, 11, 19, 7, 18, 8, 6, 100, 37, 43, 56, 74, 91, 
5. route: 0, 2, 72, 21, 75, 23, 67, 39, 73, 22, 41, 40, 53, 87, 13, 3, 26, 97, 89, 
6. route: 0, 52, 82, 83, 45, 16, 44, 14, 42, 15, 57, 94, 58, 50, 65, 54, 55, 25, 4, 
Total distance: 1484.43
-----------------------------------------
/r2/r210.txt
Printing routes for 6 vehicles
1. route: 0, 27, 28, 12, 62, 11, 19, 36, 47, 64, 63, 90, 9, 20, 32, 55, 4, 25, 
2. route: 0, 92, 59, 98, 85, 95, 94, 18, 88, 7, 82, 48, 8, 84, 97, 13, 58, 
3. route: 0, 33, 29, 39, 23, 75, 73, 21, 72, 67, 22, 41, 53, 89, 60, 46, 66, 35, 77, 
4. route: 0, 42, 14, 16, 15, 57, 2, 40, 26, 79, 3, 24, 54, 68, 80, 
5. route: 0, 52, 31, 69, 1, 30, 65, 71, 76, 50, 81, 78, 34, 51, 49, 10, 70, 93, 100, 
6. route: 0, 45, 83, 5, 61, 44, 86, 38, 99, 96, 6, 87, 37, 91, 43, 56, 74, 17, 
Total distance: 1513.73
-----------------------------------------
/r2/r211.txt
Printing routes for 6 vehicles
1. route: 0, 27, 31, 62, 11, 19, 47, 36, 82, 83, 45, 8, 84, 86, 38, 23, 55, 24, 80, 77, 96, 17, 
2. route: 0, 28, 76, 79, 78, 34, 3, 50, 1, 70, 20, 66, 37, 
3. route: 0, 52, 88, 7, 18, 6, 94, 2, 73, 75, 39, 56, 74, 97, 100, 91, 
4. route: 0, 69, 30, 51, 9, 71, 65, 63, 90, 64, 49, 46, 48, 10, 32, 89, 
5. route: 0, 12, 29, 33, 81, 21, 72, 22, 67, 25, 4, 58, 13, 93, 43, 
6. route: 0, 95, 92, 59, 98, 16, 61, 5, 99, 85, 44, 14, 42, 87, 57, 15, 41, 40, 53, 26, 54, 68, 35, 60, 
Total distance: 1404.65
-----------------------------------------
/rc2/rc205.txt
Printing routes for 6 vehicles
1. route: 0, 92, 95, 33, 28, 27, 29, 31, 62, 63, 85, 51, 67, 71, 94, 96, 8, 1, 43, 54, 68, 4, 70, 100, 
2. route: 0, 65, 82, 52, 83, 64, 23, 21, 19, 76, 30, 34, 84, 18, 48, 56, 91, 74, 77, 89, 
3. route: 0, 42, 44, 61, 81, 90, 53, 22, 20, 66, 50, 32, 26, 35, 93, 80, 
4. route: 0, 39, 38, 40, 41, 37, 
5. route: 0, 98, 45, 5, 2, 7, 15, 16, 47, 12, 88, 99, 86, 87, 59, 9, 57, 75, 97, 10, 55, 60, 17, 58, 
6. route: 0, 36, 72, 69, 11, 14, 73, 78, 79, 6, 46, 3, 49, 24, 13, 25, 
Total distance: 2041.69
-----------------------------------------
/rc2/rc206.txt
Printing routes for 6 vehicles
1. route: 0, 65, 98, 88, 2, 6, 73, 99, 57, 56, 96, 54, 37, 35, 43, 100, 
2. route: 0, 92, 62, 72, 39, 42, 44, 38, 40, 61, 81, 94, 67, 84, 50, 34, 26, 32, 89, 48, 
3. route: 0, 69, 47, 12, 45, 7, 8, 79, 78, 53, 9, 87, 97, 74, 24, 25, 77, 93, 
4. route: 0, 82, 14, 15, 11, 16, 5, 3, 46, 4, 1, 70, 
5. route: 0, 83, 52, 59, 75, 23, 21, 19, 18, 64, 51, 76, 85, 22, 49, 20, 66, 68, 55, 60, 91, 80, 
6. route: 0, 95, 63, 33, 28, 27, 29, 31, 30, 36, 41, 71, 90, 86, 10, 13, 17, 58, 
Total distance: 1735.56
-----------------------------------------
/rc2/rc207.txt
Printing routes for 6 vehicles
1. route: 0, 69, 88, 2, 5, 45, 8, 7, 6, 81, 41, 43, 96, 80, 66, 
2. route: 0, 82, 99, 47, 15, 73, 78, 79, 61, 44, 42, 3, 46, 4, 1, 70, 89, 
3. route: 0, 83, 64, 63, 76, 19, 23, 22, 51, 85, 84, 86, 57, 49, 20, 24, 48, 
4. route: 0, 65, 95, 92, 67, 62, 31, 29, 28, 30, 33, 27, 71, 72, 38, 39, 40, 36, 35, 37, 54, 68, 55, 100, 
5. route: 0, 98, 12, 14, 11, 16, 9, 53, 90, 94, 93, 50, 34, 26, 32, 56, 91, 
6. route: 0, 52, 59, 75, 21, 18, 25, 87, 74, 58, 77, 97, 10, 13, 17, 60, 
Total distance: 1569.93
-----------------------------------------
/rc2/rc208.txt
Printing routes for 6 vehicles
1. route: 0, 69, 52, 11, 15, 73, 79, 8, 5, 3, 1, 75, 59, 97, 58, 77, 74, 
2. route: 0, 65, 83, 64, 51, 76, 63, 85, 84, 94, 61, 70, 100, 55, 68, 31, 34, 33, 66, 
3. route: 0, 98, 12, 14, 47, 16, 78, 53, 90, 81, 96, 54, 93, 28, 26, 50, 91, 
4. route: 0, 82, 99, 86, 57, 22, 19, 21, 23, 18, 49, 20, 24, 25, 48, 87, 9, 10, 13, 17, 60, 
5. route: 0, 92, 95, 62, 67, 71, 72, 41, 42, 44, 40, 38, 39, 36, 35, 37, 43, 29, 27, 56, 
6. route: 0, 88, 2, 7, 6, 45, 46, 4, 30, 32, 89, 80, 
Total distance: 1501.64
-----------------------------------------
[Training fitness: 61615.4]
[Test fitness: 61476.8]

