(((((dt - t_ready) / slack_t) max ((t - slack_t) + (dt - t_ready))) / ((d_depot / (d * dem)) + ((slack_t min dem) * (t max d)))) + ((wt * ((t_rem max t_ready) min wt)) max (((dt * t_rem) / (d_depot / d)) / ((dt min dt) + (slack_t min t_ready)))))
(((((dt - t_ready) / slack_t) max ((t - slack_t) + (dt - t_ready))) / ((d_depot / (d * dem)) + ((slack_t min dem) * (t max d)))) + ((wt * ((t_rem max t_ready) min wt)) max (((dt * t_rem) / (d_depot / d)) / ((dt min dt) + (slack_t min t_ready)))))
/c1/c105.txt
Printing routes for 10 vehicles
1. route: 0, 5, 3, 7, 8, 10, 11, 9, 6, 4, 2, 1, 75, 
2. route: 0, 20, 24, 25, 27, 29, 30, 28, 26, 23, 22, 21, 49, 
3. route: 0, 98, 96, 95, 94, 92, 93, 97, 100, 99, 91, 
4. route: 0, 57, 55, 54, 53, 56, 58, 60, 59, 
5. route: 0, 67, 65, 63, 62, 74, 72, 61, 64, 68, 66, 69, 
6. route: 0, 43, 42, 41, 40, 44, 46, 45, 48, 51, 50, 52, 47, 
7. route: 0, 90, 87, 86, 83, 82, 84, 85, 88, 89, 
8. route: 0, 13, 17, 18, 19, 15, 16, 14, 12, 
9. route: 0, 32, 33, 31, 35, 37, 38, 39, 36, 34, 
10. route: 0, 81, 78, 76, 71, 70, 73, 77, 79, 80, 
Total distance: 862.886
-----------------------------------------
/c1/c106.txt
Printing routes for 10 vehicles
1. route: 0, 5, 3, 7, 8, 10, 11, 9, 6, 4, 2, 1, 75, 
2. route: 0, 20, 24, 25, 27, 29, 30, 28, 26, 23, 22, 21, 49, 
3. route: 0, 13, 17, 18, 19, 15, 16, 14, 12, 
4. route: 0, 43, 42, 41, 40, 44, 46, 45, 48, 51, 50, 52, 47, 
5. route: 0, 57, 55, 54, 53, 56, 58, 60, 61, 
6. route: 0, 32, 33, 31, 35, 37, 38, 39, 36, 34, 
7. route: 0, 67, 65, 63, 62, 74, 72, 64, 77, 79, 91, 
8. route: 0, 98, 96, 95, 94, 92, 93, 97, 100, 99, 89, 
9. route: 0, 78, 81, 76, 71, 70, 73, 85, 88, 80, 69, 
10. route: 0, 87, 86, 90, 83, 82, 84, 59, 68, 66, 
Total distance: 1104.94
-----------------------------------------
/c1/c107.txt
Printing routes for 10 vehicles
1. route: 0, 20, 24, 25, 27, 29, 37, 38, 39, 36, 34, 52, 49, 
2. route: 0, 67, 65, 63, 62, 74, 72, 61, 64, 68, 66, 69, 
3. route: 0, 5, 3, 7, 8, 10, 15, 16, 14, 12, 
4. route: 0, 43, 42, 41, 40, 44, 46, 45, 48, 51, 50, 47, 75, 
5. route: 0, 90, 87, 86, 83, 82, 84, 85, 88, 89, 91, 1, 
6. route: 0, 13, 17, 18, 19, 92, 93, 97, 100, 99, 
7. route: 0, 98, 96, 95, 94, 70, 73, 77, 79, 80, 21, 
8. route: 0, 32, 33, 31, 35, 56, 58, 60, 59, 
9. route: 0, 57, 55, 54, 53, 30, 28, 26, 23, 22, 
10. route: 0, 81, 78, 76, 71, 11, 9, 6, 4, 2, 
Total distance: 1192.2
-----------------------------------------
/c1/c108.txt
Printing routes for 11 vehicles
1. route: 0, 65, 67, 63, 62, 40, 44, 46, 45, 48, 51, 50, 52, 
2. route: 0, 17, 13, 18, 19, 15, 16, 14, 12, 
3. route: 0, 5, 3, 7, 8, 10, 11, 9, 6, 4, 2, 1, 75, 
4. route: 0, 57, 55, 54, 53, 56, 58, 60, 59, 
5. route: 0, 98, 95, 96, 94, 92, 93, 97, 100, 99, 91, 
6. route: 0, 87, 86, 90, 76, 71, 70, 73, 77, 79, 66, 69, 
7. route: 0, 20, 25, 24, 32, 35, 37, 39, 36, 34, 22, 
8. route: 0, 43, 42, 41, 81, 82, 84, 85, 88, 89, 21, 
9. route: 0, 78, 83, 74, 72, 61, 64, 80, 68, 47, 49, 
10. route: 0, 33, 31, 27, 29, 30, 28, 26, 23, 
11. route: 0, 38, 
Total distance: 1241.61
-----------------------------------------
/c1/c109.txt
Printing routes for 10 vehicles
1. route: 0, 20, 24, 25, 27, 29, 35, 38, 39, 36, 34, 50, 52, 
2. route: 0, 67, 65, 63, 62, 74, 72, 61, 64, 68, 59, 66, 
3. route: 0, 5, 3, 7, 8, 10, 11, 15, 16, 14, 12, 
4. route: 0, 43, 42, 41, 40, 44, 45, 46, 48, 51, 49, 47, 69, 
5. route: 0, 90, 87, 86, 83, 82, 84, 85, 88, 89, 91, 2, 
6. route: 0, 13, 17, 18, 19, 94, 92, 93, 97, 100, 
7. route: 0, 98, 96, 95, 78, 71, 70, 73, 77, 79, 80, 1, 
8. route: 0, 32, 33, 31, 37, 53, 56, 58, 
9. route: 0, 57, 55, 54, 81, 60, 30, 28, 26, 23, 
10. route: 0, 76, 9, 6, 4, 99, 75, 22, 21, 
Total distance: 1368.91
-----------------------------------------
/c2/c205.txt
Printing routes for 3 vehicles
1. route: 0, 93, 5, 75, 2, 1, 99, 100, 97, 92, 94, 95, 98, 7, 3, 4, 89, 91, 88, 84, 83, 86, 82, 85, 76, 71, 70, 73, 79, 80, 81, 78, 77, 87, 96, 
2. route: 0, 20, 22, 24, 27, 30, 29, 6, 32, 33, 31, 35, 37, 38, 39, 36, 34, 28, 26, 23, 18, 19, 16, 14, 12, 15, 17, 13, 25, 9, 11, 10, 41, 48, 21, 
3. route: 0, 67, 63, 62, 74, 72, 61, 64, 66, 69, 68, 65, 49, 55, 54, 53, 56, 58, 60, 59, 57, 40, 44, 46, 45, 51, 50, 52, 47, 43, 42, 8, 90, 
Total distance: 689.446
-----------------------------------------
/c2/c206.txt
Printing routes for 4 vehicles
1. route: 0, 63, 67, 62, 74, 72, 61, 64, 66, 69, 32, 33, 31, 35, 37, 38, 36, 34, 28, 26, 23, 18, 19, 16, 14, 12, 15, 17, 13, 25, 9, 11, 10, 8, 21, 
2. route: 0, 24, 27, 30, 29, 22, 93, 75, 100, 97, 92, 94, 95, 98, 7, 3, 4, 91, 89, 88, 84, 86, 83, 82, 85, 76, 71, 70, 73, 79, 81, 78, 77, 87, 96, 
3. route: 0, 5, 2, 1, 99, 6, 20, 68, 65, 49, 55, 54, 53, 56, 58, 60, 59, 57, 40, 44, 46, 45, 51, 50, 52, 47, 43, 42, 41, 80, 90, 48, 
4. route: 0, 39, 
Total distance: 922.662
-----------------------------------------
/c2/c207.txt
Printing routes for 4 vehicles
1. route: 0, 5, 75, 93, 2, 1, 99, 100, 97, 92, 94, 95, 98, 7, 3, 4, 89, 91, 88, 84, 86, 83, 82, 85, 76, 71, 70, 73, 79, 80, 81, 78, 77, 87, 96, 
2. route: 0, 63, 67, 62, 74, 72, 61, 64, 66, 69, 68, 65, 49, 55, 54, 53, 56, 58, 60, 59, 57, 40, 44, 46, 45, 51, 50, 52, 14, 15, 13, 25, 9, 11, 10, 8, 
3. route: 0, 24, 27, 30, 29, 6, 32, 33, 31, 35, 37, 38, 39, 36, 34, 28, 26, 23, 18, 19, 16, 12, 17, 21, 47, 43, 42, 41, 48, 90, 
4. route: 0, 22, 20, 
Total distance: 751.924
-----------------------------------------
/c2/c208.txt
Printing routes for 3 vehicles
1. route: 0, 93, 5, 75, 2, 1, 99, 100, 97, 92, 94, 95, 98, 7, 3, 4, 89, 91, 88, 84, 83, 82, 86, 85, 76, 71, 70, 73, 79, 80, 81, 78, 77, 87, 96, 
2. route: 0, 20, 22, 24, 27, 30, 29, 6, 32, 33, 31, 35, 37, 38, 39, 36, 34, 28, 26, 23, 18, 19, 16, 14, 12, 15, 17, 13, 25, 9, 11, 10, 8, 21, 48, 
3. route: 0, 67, 63, 62, 74, 72, 61, 64, 66, 69, 68, 65, 49, 55, 54, 53, 56, 58, 60, 59, 57, 40, 44, 46, 45, 51, 50, 52, 47, 43, 42, 41, 90, 
Total distance: 644.427
-----------------------------------------
/r1/r107.txt
Printing routes for 13 vehicles
1. route: 0, 92, 42, 15, 38, 14, 43, 86, 16, 
2. route: 0, 33, 81, 65, 9, 66, 71, 34, 3, 
3. route: 0, 45, 36, 47, 49, 19, 48, 82, 46, 
4. route: 0, 39, 23, 67, 22, 56, 75, 74, 72, 73, 21, 
5. route: 0, 63, 64, 11, 90, 10, 32, 20, 51, 
6. route: 0, 29, 24, 76, 79, 78, 35, 77, 80, 12, 
7. route: 0, 61, 85, 44, 84, 8, 83, 17, 5, 60, 18, 
8. route: 0, 91, 98, 37, 99, 59, 87, 97, 95, 13, 94, 96, 93, 
9. route: 0, 57, 2, 88, 31, 7, 52, 70, 1, 50, 
10. route: 0, 54, 62, 6, 89, 100, 58, 
11. route: 0, 26, 69, 30, 55, 4, 25, 28, 
12. route: 0, 27, 41, 68, 
13. route: 0, 40, 53, 
Total distance: 1591.58
-----------------------------------------
/r1/r108.txt
Printing routes for 11 vehicles
1. route: 0, 92, 59, 44, 38, 14, 43, 42, 57, 41, 58, 
2. route: 0, 65, 71, 9, 79, 3, 78, 34, 81, 33, 
3. route: 0, 64, 11, 19, 8, 45, 17, 86, 16, 
4. route: 0, 49, 62, 10, 90, 63, 32, 66, 20, 
5. route: 0, 35, 76, 50, 51, 30, 70, 31, 88, 7, 
6. route: 0, 36, 47, 48, 82, 84, 5, 61, 85, 93, 
7. route: 0, 46, 99, 96, 87, 97, 95, 13, 94, 6, 60, 
8. route: 0, 39, 23, 67, 56, 75, 22, 74, 72, 73, 21, 40, 
9. route: 0, 29, 24, 54, 80, 68, 55, 4, 25, 12, 
10. route: 0, 91, 15, 2, 37, 98, 83, 18, 100, 
11. route: 0, 1, 69, 52, 89, 53, 26, 28, 77, 27, 
Total distance: 1417.22
-----------------------------------------
/r1/r109.txt
Printing routes for 13 vehicles
1. route: 0, 28, 33, 29, 79, 81, 51, 20, 66, 70, 
2. route: 0, 27, 69, 31, 88, 62, 11, 90, 32, 10, 48, 89, 
3. route: 0, 95, 92, 59, 98, 85, 61, 16, 86, 17, 96, 
4. route: 0, 2, 15, 42, 14, 44, 84, 37, 100, 91, 93, 
5. route: 0, 82, 47, 36, 19, 49, 46, 60, 58, 
6. route: 0, 83, 45, 5, 99, 87, 57, 43, 74, 
7. route: 0, 23, 39, 67, 22, 41, 56, 4, 80, 
8. route: 0, 72, 21, 75, 73, 40, 26, 3, 77, 68, 24, 
9. route: 0, 63, 64, 30, 9, 34, 35, 
10. route: 0, 65, 71, 78, 50, 1, 25, 
11. route: 0, 52, 38, 94, 97, 13, 
12. route: 0, 12, 76, 7, 8, 
13. route: 0, 18, 6, 53, 54, 55, 
Total distance: 1598.69
-----------------------------------------
/r1/r110.txt
Printing routes for 12 vehicles
1. route: 0, 28, 21, 72, 73, 75, 22, 41, 57, 15, 42, 100, 
2. route: 0, 31, 88, 82, 7, 19, 49, 11, 62, 48, 
3. route: 0, 95, 98, 16, 61, 85, 5, 84, 99, 96, 92, 93, 91, 
4. route: 0, 2, 14, 44, 86, 38, 43, 56, 74, 
5. route: 0, 29, 79, 78, 81, 51, 9, 20, 66, 70, 
6. route: 0, 83, 45, 8, 47, 36, 46, 17, 60, 89, 
7. route: 0, 63, 64, 90, 30, 10, 32, 1, 
8. route: 0, 59, 52, 71, 35, 34, 65, 
9. route: 0, 69, 76, 12, 80, 68, 77, 3, 50, 33, 24, 
10. route: 0, 67, 23, 39, 25, 55, 54, 4, 13, 58, 
11. route: 0, 27, 40, 18, 94, 6, 97, 37, 
12. route: 0, 53, 87, 26, 
Total distance: 1433.67
-----------------------------------------
/r1/r111.txt
Printing routes for 12 vehicles
1. route: 0, 92, 59, 44, 38, 86, 16, 85, 93, 98, 37, 
2. route: 0, 27, 62, 11, 64, 49, 19, 47, 48, 82, 89, 
3. route: 0, 42, 15, 23, 39, 56, 75, 74, 72, 21, 2, 
4. route: 0, 33, 51, 30, 9, 81, 78, 29, 24, 25, 
5. route: 0, 45, 36, 8, 84, 61, 91, 100, 14, 95, 
6. route: 0, 65, 71, 79, 3, 68, 80, 54, 12, 77, 
7. route: 0, 73, 67, 22, 41, 57, 43, 96, 
8. route: 0, 28, 90, 63, 32, 66, 20, 35, 34, 50, 
9. route: 0, 7, 18, 99, 87, 97, 6, 94, 13, 5, 60, 
10. route: 0, 52, 69, 76, 88, 10, 70, 31, 1, 26, 
11. route: 0, 83, 40, 53, 55, 4, 58, 
12. route: 0, 46, 17, 
Total distance: 1468.37
-----------------------------------------
/r1/r112.txt
Printing routes for 11 vehicles
1. route: 0, 73, 21, 72, 74, 75, 22, 41, 15, 57, 43, 
2. route: 0, 61, 16, 86, 44, 38, 14, 85, 92, 59, 37, 
3. route: 0, 76, 79, 81, 33, 51, 30, 31, 10, 32, 70, 
4. route: 0, 12, 29, 24, 68, 80, 3, 77, 78, 34, 1, 
5. route: 0, 52, 7, 82, 8, 45, 84, 5, 99, 94, 96, 97, 93, 
6. route: 0, 88, 62, 11, 19, 49, 36, 47, 48, 46, 60, 
7. route: 0, 28, 9, 71, 35, 65, 66, 20, 50, 58, 
8. route: 0, 69, 90, 63, 64, 18, 83, 17, 13, 
9. route: 0, 27, 98, 100, 91, 42, 87, 95, 6, 89, 
10. route: 0, 2, 40, 56, 23, 67, 39, 25, 55, 4, 
11. route: 0, 53, 54, 26, 
Total distance: 1212.43
-----------------------------------------
/r2/r207.txt
Printing routes for 3 vehicles
1. route: 0, 92, 42, 39, 65, 33, 81, 36, 64, 11, 62, 88, 30, 76, 79, 78, 9, 71, 8, 84, 49, 10, 66, 35, 34, 55, 25, 4, 74, 75, 72, 73, 21, 2, 57, 43, 
2. route: 0, 45, 46, 47, 48, 82, 7, 44, 15, 38, 23, 67, 22, 41, 87, 99, 59, 98, 37, 85, 91, 40, 53, 6, 94, 95, 97, 56, 68, 3, 29, 24, 54, 80, 77, 50, 51, 20, 32, 90, 63, 19, 70, 31, 52, 
3. route: 0, 86, 16, 61, 5, 60, 83, 18, 69, 27, 1, 12, 26, 14, 96, 89, 28, 13, 17, 100, 93, 58, 
Total distance: 1496.9
-----------------------------------------
/r2/r208.txt
Printing routes for 3 vehicles
1. route: 0, 92, 59, 93, 85, 91, 16, 61, 15, 44, 14, 23, 67, 39, 62, 11, 19, 38, 99, 87, 8, 84, 17, 45, 46, 36, 49, 64, 63, 90, 32, 20, 66, 71, 35, 65, 34, 78, 81, 33, 51, 30, 70, 
2. route: 0, 86, 43, 42, 57, 2, 41, 22, 75, 56, 72, 73, 21, 69, 76, 79, 9, 29, 24, 80, 68, 3, 50, 1, 31, 88, 7, 82, 48, 47, 10, 55, 4, 74, 25, 54, 12, 77, 13, 95, 97, 37, 98, 100, 5, 60, 83, 18, 52, 
3. route: 0, 96, 94, 6, 89, 40, 26, 28, 27, 53, 58, 
Total distance: 1180.44
-----------------------------------------
/r2/r209.txt
Printing routes for 4 vehicles
1. route: 0, 95, 59, 92, 5, 83, 82, 47, 36, 63, 11, 19, 64, 31, 52, 2, 72, 21, 75, 73, 23, 67, 15, 57, 40, 22, 41, 43, 97, 37, 96, 93, 91, 100, 39, 56, 74, 55, 25, 24, 68, 80, 77, 4, 
2. route: 0, 14, 42, 44, 45, 98, 38, 29, 79, 71, 65, 51, 30, 90, 7, 18, 86, 84, 94, 99, 8, 46, 78, 20, 66, 32, 70, 1, 35, 48, 60, 17, 13, 
3. route: 0, 69, 62, 33, 88, 12, 76, 28, 16, 61, 6, 85, 81, 9, 87, 49, 3, 34, 50, 10, 54, 58, 89, 
4. route: 0, 27, 53, 26, 
Total distance: 1815.29
-----------------------------------------
/r2/r210.txt
Printing routes for 3 vehicles
1. route: 0, 92, 42, 14, 45, 36, 62, 64, 11, 65, 71, 30, 76, 79, 78, 9, 81, 29, 40, 73, 22, 41, 75, 56, 21, 72, 57, 2, 85, 98, 37, 94, 95, 97, 13, 74, 43, 100, 91, 5, 17, 93, 59, 89, 
2. route: 0, 33, 39, 16, 61, 15, 23, 44, 38, 86, 67, 87, 8, 84, 19, 47, 49, 90, 10, 7, 82, 46, 31, 20, 3, 77, 34, 35, 50, 1, 70, 58, 
3. route: 0, 28, 12, 63, 83, 69, 27, 88, 18, 52, 51, 99, 96, 6, 53, 26, 24, 54, 66, 32, 55, 68, 4, 80, 48, 60, 25, 
Total distance: 1835.98
-----------------------------------------
/r2/r211.txt
Printing routes for 3 vehicles
1. route: 0, 21, 72, 75, 23, 39, 67, 15, 42, 44, 16, 61, 85, 98, 92, 59, 99, 95, 94, 6, 5, 84, 83, 82, 7, 11, 64, 19, 62, 88, 63, 90, 51, 9, 78, 34, 3, 77, 50, 10, 20, 66, 35, 32, 70, 68, 80, 24, 
2. route: 0, 31, 69, 33, 71, 65, 30, 29, 79, 76, 12, 81, 49, 36, 47, 45, 8, 52, 18, 2, 73, 87, 40, 22, 41, 57, 14, 43, 97, 37, 100, 91, 96, 93, 56, 55, 54, 25, 4, 74, 
3. route: 0, 28, 27, 38, 53, 86, 46, 26, 13, 58, 17, 60, 48, 1, 89, 
Total distance: 1438.43
-----------------------------------------
/rc1/rc105.txt
Printing routes for 17 vehicles
1. route: 0, 92, 95, 64, 76, 51, 85, 89, 91, 80, 
2. route: 0, 65, 83, 62, 67, 84, 56, 66, 24, 
3. route: 0, 42, 39, 36, 37, 38, 40, 43, 35, 93, 96, 
4. route: 0, 45, 5, 3, 1, 8, 6, 7, 46, 4, 60, 
5. route: 0, 33, 27, 29, 28, 26, 31, 34, 32, 
6. route: 0, 63, 30, 50, 72, 54, 70, 100, 
7. route: 0, 47, 14, 15, 16, 9, 12, 10, 13, 17, 
8. route: 0, 98, 23, 21, 18, 48, 20, 77, 
9. route: 0, 82, 52, 11, 78, 73, 2, 
10. route: 0, 59, 75, 87, 86, 57, 74, 58, 
11. route: 0, 19, 97, 25, 
12. route: 0, 71, 81, 61, 94, 68, 
13. route: 0, 44, 41, 55, 
14. route: 0, 69, 88, 79, 
15. route: 0, 22, 49, 
16. route: 0, 99, 90, 
17. route: 0, 53, 
Total distance: 2023.81
-----------------------------------------
/rc1/rc106.txt
Printing routes for 14 vehicles
1. route: 0, 65, 83, 64, 95, 62, 67, 94, 50, 93, 80, 
2. route: 0, 92, 63, 76, 51, 85, 84, 20, 24, 91, 
3. route: 0, 72, 71, 39, 38, 40, 41, 37, 35, 
4. route: 0, 2, 45, 5, 8, 7, 6, 46, 4, 3, 1, 
5. route: 0, 42, 44, 36, 61, 81, 54, 96, 68, 70, 
6. route: 0, 14, 12, 47, 15, 16, 9, 10, 13, 17, 60, 
7. route: 0, 59, 75, 87, 86, 57, 74, 58, 
8. route: 0, 23, 21, 18, 19, 49, 22, 48, 25, 77, 
9. route: 0, 11, 78, 73, 79, 100, 55, 
10. route: 0, 31, 29, 27, 28, 30, 32, 34, 26, 
11. route: 0, 33, 97, 
12. route: 0, 52, 82, 98, 88, 53, 56, 66, 
13. route: 0, 69, 99, 89, 
14. route: 0, 90, 43, 
Total distance: 1871.04
-----------------------------------------
/rc1/rc107.txt
Printing routes for 13 vehicles
1. route: 0, 95, 63, 76, 51, 85, 84, 62, 24, 
2. route: 0, 83, 52, 99, 82, 12, 14, 11, 10, 9, 13, 
3. route: 0, 2, 5, 45, 4, 7, 6, 46, 8, 1, 60, 
4. route: 0, 72, 71, 93, 94, 67, 50, 34, 32, 
5. route: 0, 21, 23, 19, 49, 18, 48, 22, 20, 25, 
6. route: 0, 47, 15, 16, 17, 73, 79, 78, 100, 70, 68, 
7. route: 0, 31, 29, 28, 30, 26, 27, 33, 56, 91, 
8. route: 0, 75, 59, 87, 86, 57, 74, 58, 
9. route: 0, 88, 98, 53, 3, 44, 42, 39, 80, 
10. route: 0, 69, 65, 64, 89, 77, 
11. route: 0, 40, 38, 36, 35, 43, 37, 41, 55, 
12. route: 0, 92, 61, 81, 97, 66, 
13. route: 0, 90, 96, 54, 
Total distance: 1775.59
-----------------------------------------
/rc1/rc108.txt
Printing routes for 12 vehicles
1. route: 0, 71, 93, 67, 62, 50, 30, 32, 34, 31, 
2. route: 0, 76, 89, 18, 48, 21, 23, 25, 77, 
3. route: 0, 88, 98, 87, 59, 97, 75, 58, 74, 
4. route: 0, 73, 79, 7, 6, 8, 46, 3, 5, 45, 4, 100, 
5. route: 0, 69, 82, 99, 52, 86, 57, 49, 19, 20, 24, 91, 
6. route: 0, 64, 51, 85, 63, 84, 95, 94, 92, 56, 66, 80, 
7. route: 0, 38, 39, 40, 44, 42, 43, 41, 37, 36, 35, 
8. route: 0, 16, 15, 11, 12, 14, 47, 17, 9, 13, 60, 
9. route: 0, 65, 83, 22, 26, 28, 27, 
10. route: 0, 2, 1, 78, 53, 10, 70, 55, 
11. route: 0, 29, 33, 72, 54, 96, 68, 
12. route: 0, 61, 90, 81, 
Total distance: 1578.15
-----------------------------------------
/rc2/rc205.txt
Printing routes for 5 vehicles
1. route: 0, 92, 33, 28, 31, 36, 39, 27, 29, 30, 34, 76, 19, 18, 21, 48, 22, 49, 51, 85, 57, 10, 97, 20, 24, 74, 13, 17, 77, 25, 58, 91, 80, 
2. route: 0, 65, 45, 5, 42, 15, 16, 47, 11, 14, 12, 73, 88, 78, 79, 8, 6, 2, 7, 46, 3, 1, 43, 37, 94, 56, 66, 4, 35, 96, 93, 89, 
3. route: 0, 63, 95, 83, 52, 59, 75, 62, 64, 67, 71, 72, 40, 41, 53, 98, 90, 32, 26, 50, 55, 68, 54, 60, 70, 100, 
4. route: 0, 82, 69, 23, 38, 61, 81, 87, 86, 
5. route: 0, 44, 99, 9, 84, 
Total distance: 2299.08
-----------------------------------------
/rc2/rc206.txt
Printing routes for 4 vehicles
1. route: 0, 65, 59, 47, 14, 15, 11, 45, 5, 2, 7, 73, 79, 12, 16, 75, 87, 86, 99, 18, 22, 49, 20, 34, 26, 32, 50, 37, 35, 4, 1, 60, 100, 70, 80, 
2. route: 0, 92, 95, 63, 33, 28, 29, 31, 27, 30, 72, 39, 36, 38, 44, 40, 41, 71, 67, 76, 51, 85, 84, 57, 97, 10, 13, 17, 74, 58, 77, 25, 48, 24, 89, 93, 
3. route: 0, 42, 62, 23, 21, 19, 83, 64, 52, 82, 98, 69, 88, 53, 78, 8, 46, 6, 3, 9, 43, 54, 96, 56, 66, 55, 68, 91, 
4. route: 0, 61, 90, 94, 81, 
Total distance: 1770.7
-----------------------------------------
/rc2/rc207.txt
Printing routes for 4 vehicles
1. route: 0, 95, 63, 28, 31, 30, 29, 27, 33, 76, 21, 23, 19, 83, 52, 47, 12, 14, 16, 15, 11, 87, 86, 57, 99, 49, 22, 20, 24, 97, 10, 13, 17, 60, 1, 4, 35, 93, 80, 
2. route: 0, 72, 44, 42, 39, 36, 38, 5, 45, 2, 73, 79, 7, 6, 8, 71, 94, 81, 85, 84, 67, 62, 50, 34, 26, 32, 92, 96, 54, 56, 66, 48, 25, 77, 58, 74, 
3. route: 0, 59, 82, 98, 88, 75, 9, 78, 53, 18, 51, 64, 40, 41, 3, 46, 43, 37, 89, 91, 55, 100, 70, 68, 
4. route: 0, 69, 65, 61, 90, 
Total distance: 1819.96
-----------------------------------------
/rc2/rc208.txt
Printing routes for 4 vehicles
1. route: 0, 44, 42, 39, 36, 38, 72, 71, 67, 62, 85, 63, 76, 51, 19, 21, 23, 18, 49, 22, 20, 24, 75, 11, 12, 16, 47, 14, 79, 8, 6, 3, 1, 46, 4, 10, 97, 58, 77, 25, 48, 74, 
2. route: 0, 64, 83, 52, 59, 15, 73, 7, 2, 45, 5, 40, 41, 30, 28, 26, 27, 29, 31, 34, 33, 32, 95, 92, 94, 81, 53, 9, 57, 50, 89, 56, 66, 54, 93, 91, 80, 
3. route: 0, 98, 69, 82, 65, 88, 99, 78, 86, 87, 84, 37, 35, 43, 61, 70, 100, 55, 60, 17, 13, 96, 68, 
4. route: 0, 90, 
Total distance: 1550.35
-----------------------------------------
[Training fitness: 90910.5]
[Test fitness: 82141.3]
Program ran for 0.160485 seconds.
