/C1/c101.txt
Printing routes for 14 vehicles
1. route: 0, 20, 87, 76, 92, 61, 59, 80, 
2. route: 0, 67, 33, 31, 29, 16, 6, 89, 69, 
3. route: 0, 5, 55, 62, 82, 93, 48, 22, 
4. route: 0, 43, 78, 40, 56, 45, 100, 91, 
5. route: 0, 90, 96, 27, 37, 38, 39, 36, 2, 
6. route: 0, 13, 17, 8, 44, 73, 64, 50, 
7. route: 0, 98, 41, 19, 15, 9, 88, 34, 
8. route: 0, 32, 25, 83, 11, 28, 12, 66, 
9. route: 0, 57, 7, 94, 70, 85, 79, 1, 
10. route: 0, 81, 63, 35, 46, 97, 68, 75, 
11. route: 0, 3, 86, 53, 30, 14, 4, 21, 
12. route: 0, 24, 18, 74, 84, 77, 23, 49, 
13. route: 0, 42, 54, 71, 72, 60, 51, 52, 
14. route: 0, 65, 95, 10, 58, 26, 99, 47, 
Total distance: 3710.52
-----------------------------------------
/C1/c102.txt
Printing routes for 33 vehicles
1. route: 0, 1, 25, 45, 
2. route: 0, 2, 63, 28, 
3. route: 0, 3, 78, 61, 
4. route: 0, 5, 87, 73, 
5. route: 0, 7, 17, 93, 
6. route: 0, 12, 56, 22, 
7. route: 0, 21, 42, 58, 
8. route: 0, 26, 33, 16, 
9. route: 0, 31, 74, 4, 
10. route: 0, 34, 53, 79, 
11. route: 0, 37, 70, 66, 
12. route: 0, 48, 8, 77, 
13. route: 0, 50, 76, 39, 
14. route: 0, 52, 18, 60, 
15. route: 0, 59, 29, 68, 
16. route: 0, 72, 27, 6, 
17. route: 0, 75, 55, 38, 
18. route: 0, 82, 44, 89, 
19. route: 0, 83, 71, 51, 
20. route: 0, 85, 62, 64, 
21. route: 0, 91, 54, 14, 
22. route: 0, 94, 11, 69, 
23. route: 0, 95, 15, 80, 
24. route: 0, 96, 92, 99, 
25. route: 0, 98, 40, 88, 
26. route: 0, 20, 24, 84, 
27. route: 0, 67, 65, 30, 47, 
28. route: 0, 43, 41, 9, 
29. route: 0, 90, 86, 97, 
30. route: 0, 13, 19, 100, 
31. route: 0, 32, 35, 36, 
32. route: 0, 57, 10, 23, 
33. route: 0, 81, 46, 49, 
Total distance: 4434.02
-----------------------------------------
/C1/c103.txt
Printing routes for 52 vehicles
1. route: 0, 1, 40, 
2. route: 0, 2, 74, 
3. route: 0, 3, 76, 
4. route: 0, 5, 17, 
5. route: 0, 7, 25, 
6. route: 0, 12, 23, 
7. route: 0, 14, 80, 
8. route: 0, 16, 66, 
9. route: 0, 18, 100, 
10. route: 0, 19, 68, 
11. route: 0, 20, 42, 
12. route: 0, 21, 65, 
13. route: 0, 24, 55, 
14. route: 0, 26, 41, 
15. route: 0, 28, 27, 
16. route: 0, 29, 35, 
17. route: 0, 31, 6, 
18. route: 0, 32, 45, 
19. route: 0, 34, 39, 
20. route: 0, 37, 99, 
21. route: 0, 43, 8, 
22. route: 0, 46, 53, 
23. route: 0, 47, 62, 
24. route: 0, 48, 70, 
25. route: 0, 50, 56, 
26. route: 0, 51, 84, 
27. route: 0, 52, 44, 
28. route: 0, 54, 22, 
29. route: 0, 57, 64, 
30. route: 0, 59, 88, 
31. route: 0, 60, 
32. route: 0, 61, 92, 
33. route: 0, 63, 33, 
34. route: 0, 71, 
35. route: 0, 72, 11, 
36. route: 0, 73, 
37. route: 0, 75, 78, 
38. route: 0, 81, 
39. route: 0, 82, 36, 
40. route: 0, 83, 77, 
41. route: 0, 85, 93, 
42. route: 0, 86, 58, 
43. route: 0, 89, 30, 
44. route: 0, 90, 10, 
45. route: 0, 91, 15, 
46. route: 0, 94, 49, 
47. route: 0, 95, 4, 
48. route: 0, 96, 79, 
49. route: 0, 97, 69, 
50. route: 0, 98, 38, 
51. route: 0, 67, 87, 
52. route: 0, 13, 9, 
Total distance: 4963.1
-----------------------------------------
/C1/c104.txt
Printing routes for 77 vehicles
1. route: 0, 1, 79, 
2. route: 0, 2, 
3. route: 0, 3, 11, 
4. route: 0, 5, 74, 
5. route: 0, 6, 23, 
6. route: 0, 7, 15, 
7. route: 0, 10, 38, 
8. route: 0, 12, 
9. route: 0, 14, 
10. route: 0, 16, 
11. route: 0, 17, 
12. route: 0, 18, 
13. route: 0, 19, 
14. route: 0, 20, 87, 
15. route: 0, 21, 55, 
16. route: 0, 22, 25, 
17. route: 0, 24, 53, 
18. route: 0, 26, 44, 
19. route: 0, 27, 9, 
20. route: 0, 28, 77, 
21. route: 0, 29, 
22. route: 0, 30, 
23. route: 0, 31, 
24. route: 0, 32, 
25. route: 0, 33, 
26. route: 0, 34, 
27. route: 0, 35, 
28. route: 0, 36, 
29. route: 0, 37, 
30. route: 0, 39, 
31. route: 0, 40, 
32. route: 0, 41, 4, 
33. route: 0, 42, 69, 
34. route: 0, 43, 84, 
35. route: 0, 45, 
36. route: 0, 46, 
37. route: 0, 47, 100, 
38. route: 0, 48, 
39. route: 0, 49, 99, 
40. route: 0, 50, 
41. route: 0, 51, 
42. route: 0, 52, 
43. route: 0, 54, 
44. route: 0, 56, 
45. route: 0, 57, 
46. route: 0, 59, 
47. route: 0, 60, 
48. route: 0, 61, 
49. route: 0, 63, 62, 
50. route: 0, 64, 
51. route: 0, 65, 8, 
52. route: 0, 66, 58, 
53. route: 0, 68, 
54. route: 0, 70, 
55. route: 0, 71, 
56. route: 0, 72, 
57. route: 0, 73, 
58. route: 0, 75, 92, 
59. route: 0, 78, 
60. route: 0, 80, 
61. route: 0, 81, 
62. route: 0, 82, 
63. route: 0, 83, 
64. route: 0, 85, 
65. route: 0, 86, 
66. route: 0, 88, 
67. route: 0, 89, 
68. route: 0, 90, 
69. route: 0, 91, 
70. route: 0, 93, 
71. route: 0, 94, 
72. route: 0, 95, 
73. route: 0, 96, 
74. route: 0, 97, 
75. route: 0, 98, 
76. route: 0, 67, 76, 
77. route: 0, 13, 
Total distance: 5466.26
-----------------------------------------
/C2/c201.txt
Printing routes for 4 vehicles
1. route: 0, 93, 5, 62, 30, 99, 66, 69, 31, 95, 38, 3, 56, 60, 59, 86, 19, 16, 45, 15, 52, 25, 79, 10, 21, 
2. route: 0, 20, 63, 27, 72, 64, 32, 33, 94, 49, 7, 36, 34, 28, 88, 57, 83, 46, 12, 50, 13, 43, 11, 78, 77, 90, 
3. route: 0, 67, 24, 2, 1, 61, 100, 92, 65, 37, 55, 54, 4, 89, 91, 84, 18, 44, 14, 51, 17, 47, 9, 81, 48, 87, 
4. route: 0, 22, 75, 74, 29, 6, 97, 68, 35, 98, 39, 53, 58, 26, 23, 40, 82, 85, 76, 71, 70, 73, 80, 42, 41, 8, 96, 
Total distance: 3688.54
-----------------------------------------
/C2/c202.txt
Printing routes for 15 vehicles
1. route: 0, 1, 95, 27, 68, 60, 51, 81, 
2. route: 0, 2, 83, 29, 49, 23, 17, 78, 
3. route: 0, 3, 96, 61, 38, 57, 70, 8, 
4. route: 0, 5, 82, 30, 35, 84, 71, 10, 
5. route: 0, 7, 94, 74, 65, 88, 15, 41, 
6. route: 0, 12, 22, 6, 54, 40, 47, 90, 
7. route: 0, 21, 75, 24, 92, 28, 76, 11, 
8. route: 0, 26, 20, 99, 55, 86, 13, 77, 
9. route: 0, 31, 93, 66, 53, 44, 80, 
10. route: 0, 34, 98, 69, 89, 14, 79, 
11. route: 0, 37, 63, 97, 56, 46, 9, 
12. route: 0, 48, 72, 62, 33, 58, 45, 42, 
13. route: 0, 50, 91, 64, 39, 18, 73, 87, 
14. route: 0, 52, 85, 32, 4, 16, 43, 
15. route: 0, 59, 67, 100, 36, 19, 25, 
Total distance: 4382.85
-----------------------------------------
/C2/c203.txt
Printing routes for 28 vehicles
1. route: 0, 1, 89, 99, 17, 
2. route: 0, 2, 75, 30, 15, 
3. route: 0, 3, 90, 66, 80, 
4. route: 0, 5, 63, 6, 13, 
5. route: 0, 7, 86, 69, 9, 
6. route: 0, 12, 93, 35, 10, 
7. route: 0, 14, 27, 45, 
8. route: 0, 16, 74, 76, 
9. route: 0, 18, 97, 53, 
10. route: 0, 19, 22, 65, 41, 
11. route: 0, 20, 57, 33, 79, 
12. route: 0, 21, 60, 68, 11, 
13. route: 0, 24, 61, 92, 42, 
14. route: 0, 26, 96, 88, 
15. route: 0, 28, 98, 84, 
16. route: 0, 29, 73, 23, 
17. route: 0, 31, 95, 44, 
18. route: 0, 32, 91, 56, 
19. route: 0, 34, 94, 40, 
20. route: 0, 37, 62, 58, 
21. route: 0, 43, 71, 39, 87, 
22. route: 0, 46, 85, 4, 
23. route: 0, 47, 72, 100, 25, 
24. route: 0, 48, 59, 64, 70, 
25. route: 0, 50, 82, 38, 8, 
26. route: 0, 51, 83, 55, 77, 
27. route: 0, 52, 81, 36, 
28. route: 0, 54, 67, 49, 78, 
Total distance: 4797.93
-----------------------------------------
/C2/c204.txt
Printing routes for 41 vehicles
1. route: 0, 1, 83, 13, 
2. route: 0, 2, 71, 
3. route: 0, 3, 85, 11, 
4. route: 0, 5, 60, 
5. route: 0, 6, 80, 
6. route: 0, 7, 82, 44, 
7. route: 0, 10, 63, 23, 
8. route: 0, 12, 62, 
9. route: 0, 14, 100, 
10. route: 0, 16, 69, 
11. route: 0, 17, 91, 
12. route: 0, 18, 96, 
13. route: 0, 19, 74, 
14. route: 0, 20, 52, 38, 
15. route: 0, 21, 56, 8, 
16. route: 0, 22, 57, 15, 
17. route: 0, 24, 59, 25, 
18. route: 0, 26, 95, 
19. route: 0, 27, 64, 76, 
20. route: 0, 28, 98, 
21. route: 0, 29, 70, 
22. route: 0, 30, 72, 79, 
23. route: 0, 31, 94, 
24. route: 0, 32, 88, 
25. route: 0, 33, 93, 87, 
26. route: 0, 34, 90, 
27. route: 0, 35, 67, 
28. route: 0, 36, 97, 
29. route: 0, 37, 99, 
30. route: 0, 39, 92, 
31. route: 0, 40, 89, 
32. route: 0, 41, 66, 53, 
33. route: 0, 42, 68, 55, 
34. route: 0, 43, 61, 4, 
35. route: 0, 45, 73, 
36. route: 0, 46, 81, 
37. route: 0, 47, 65, 58, 
38. route: 0, 48, 54, 84, 
39. route: 0, 49, 86, 77, 
40. route: 0, 50, 75, 9, 
41. route: 0, 51, 78, 
Total distance: 5075.83
-----------------------------------------
/R1/r101.txt
Printing routes for 27 vehicles
1. route: 0, 59, 11, 8, 13, 
2. route: 0, 92, 23, 67, 26, 
3. route: 0, 42, 44, 6, 17, 
4. route: 0, 14, 75, 41, 68, 
5. route: 0, 45, 64, 46, 77, 
6. route: 0, 5, 76, 34, 25, 
7. route: 0, 63, 30, 90, 32, 
8. route: 0, 72, 16, 84, 91, 
9. route: 0, 27, 88, 94, 1, 
10. route: 0, 33, 29, 79, 96, 
11. route: 0, 28, 19, 50, 80, 
12. route: 0, 95, 61, 57, 60, 
13. route: 0, 36, 7, 49, 48, 
14. route: 0, 39, 73, 3, 89, 
15. route: 0, 83, 38, 43, 58, 
16. route: 0, 2, 99, 10, 100, 
17. route: 0, 31, 40, 56, 93, 
18. route: 0, 69, 18, 20, 
19. route: 0, 47, 85, 37, 
20. route: 0, 65, 71, 9, 35, 
21. route: 0, 52, 51, 66, 70, 
22. route: 0, 82, 87, 54, 
23. route: 0, 62, 81, 24, 
24. route: 0, 98, 86, 97, 
25. route: 0, 15, 53, 74, 
26. route: 0, 21, 22, 4, 
27. route: 0, 12, 78, 55, 
Total distance: 2979.83
-----------------------------------------
/R1/r102.txt
Printing routes for 34 vehicles
1. route: 0, 1, 65, 10, 
2. route: 0, 2, 30, 66, 
3. route: 0, 3, 71, 68, 
4. route: 0, 5, 64, 35, 
5. route: 0, 7, 19, 54, 
6. route: 0, 12, 15, 57, 
7. route: 0, 21, 76, 43, 
8. route: 0, 26, 39, 22, 93, 
9. route: 0, 31, 44, 46, 
10. route: 0, 34, 8, 
11. route: 0, 37, 61, 32, 
12. route: 0, 48, 51, 25, 
13. route: 0, 50, 11, 49, 
14. route: 0, 52, 69, 41, 
15. route: 0, 59, 23, 56, 
16. route: 0, 72, 38, 74, 
17. route: 0, 75, 18, 60, 
18. route: 0, 82, 99, 24, 
19. route: 0, 83, 16, 55, 
20. route: 0, 85, 67, 13, 
21. route: 0, 91, 40, 17, 
22. route: 0, 94, 47, 6, 58, 
23. route: 0, 95, 62, 84, 
24. route: 0, 96, 29, 20, 
25. route: 0, 98, 73, 4, 
26. route: 0, 92, 88, 97, 
27. route: 0, 42, 79, 89, 
28. route: 0, 14, 81, 
29. route: 0, 45, 87, 77, 
30. route: 0, 63, 86, 
31. route: 0, 27, 53, 70, 
32. route: 0, 33, 90, 80, 
33. route: 0, 28, 78, 100, 
34. route: 0, 36, 9, 
Total distance: 3792.67
-----------------------------------------
/R1/r103.txt
Printing routes for 56 vehicles
1. route: 0, 1, 65, 
2. route: 0, 2, 99, 
3. route: 0, 3, 6, 
4. route: 0, 5, 53, 
5. route: 0, 7, 9, 
6. route: 0, 12, 44, 
7. route: 0, 14, 93, 
8. route: 0, 16, 13, 
9. route: 0, 18, 64, 
10. route: 0, 19, 58, 
11. route: 0, 20, 80, 
12. route: 0, 21, 40, 
13. route: 0, 24, 77, 
14. route: 0, 26, 62, 
15. route: 0, 28, 39, 
16. route: 0, 29, 25, 
17. route: 0, 31, 38, 
18. route: 0, 32, 
19. route: 0, 34, 
20. route: 0, 37, 22, 
21. route: 0, 43, 
22. route: 0, 46, 
23. route: 0, 47, 
24. route: 0, 48, 17, 
25. route: 0, 50, 76, 
26. route: 0, 51, 35, 
27. route: 0, 52, 15, 
28. route: 0, 54, 49, 
29. route: 0, 57, 66, 
30. route: 0, 59, 67, 
31. route: 0, 60, 79, 
32. route: 0, 61, 55, 
33. route: 0, 63, 
34. route: 0, 71, 
35. route: 0, 72, 84, 
36. route: 0, 73, 8, 
37. route: 0, 75, 74, 
38. route: 0, 81, 4, 
39. route: 0, 82, 56, 
40. route: 0, 83, 78, 
41. route: 0, 85, 10, 
42. route: 0, 86, 
43. route: 0, 89, 69, 
44. route: 0, 90, 
45. route: 0, 91, 68, 
46. route: 0, 94, 11, 
47. route: 0, 95, 23, 
48. route: 0, 96, 30, 
49. route: 0, 97, 88, 
50. route: 0, 98, 41, 
51. route: 0, 92, 87, 
52. route: 0, 42, 70, 
53. route: 0, 45, 100, 
54. route: 0, 27, 
55. route: 0, 33, 
56. route: 0, 36, 
Total distance: 4325.57
-----------------------------------------
/R1/r104.txt
Printing routes for 76 vehicles
1. route: 0, 1, 79, 
2. route: 0, 2, 4, 
3. route: 0, 3, 
4. route: 0, 5, 
5. route: 0, 6, 11, 
6. route: 0, 7, 
7. route: 0, 10, 
8. route: 0, 12, 99, 
9. route: 0, 14, 
10. route: 0, 16, 
11. route: 0, 17, 
12. route: 0, 18, 8, 
13. route: 0, 19, 
14. route: 0, 20, 
15. route: 0, 21, 74, 
16. route: 0, 22, 
17. route: 0, 24, 
18. route: 0, 26, 23, 
19. route: 0, 27, 69, 
20. route: 0, 28, 62, 
21. route: 0, 29, 
22. route: 0, 30, 
23. route: 0, 31, 84, 
24. route: 0, 32, 
25. route: 0, 33, 
26. route: 0, 34, 
27. route: 0, 35, 
28. route: 0, 36, 
29. route: 0, 37, 
30. route: 0, 39, 
31. route: 0, 40, 44, 
32. route: 0, 41, 
33. route: 0, 42, 
34. route: 0, 43, 
35. route: 0, 45, 
36. route: 0, 46, 
37. route: 0, 47, 
38. route: 0, 48, 
39. route: 0, 49, 
40. route: 0, 50, 53, 
41. route: 0, 51, 
42. route: 0, 52, 76, 
43. route: 0, 54, 
44. route: 0, 56, 
45. route: 0, 57, 
46. route: 0, 59, 55, 
47. route: 0, 60, 13, 
48. route: 0, 61, 
49. route: 0, 63, 
50. route: 0, 64, 
51. route: 0, 65, 
52. route: 0, 66, 
53. route: 0, 68, 
54. route: 0, 70, 
55. route: 0, 71, 
56. route: 0, 72, 
57. route: 0, 73, 100, 
58. route: 0, 75, 
59. route: 0, 78, 
60. route: 0, 80, 
61. route: 0, 81, 
62. route: 0, 82, 
63. route: 0, 83, 
64. route: 0, 85, 
65. route: 0, 86, 
66. route: 0, 88, 77, 
67. route: 0, 89, 15, 
68. route: 0, 90, 
69. route: 0, 91, 
70. route: 0, 93, 58, 
71. route: 0, 94, 38, 
72. route: 0, 95, 67, 
73. route: 0, 96, 87, 
74. route: 0, 97, 9, 
75. route: 0, 98, 
76. route: 0, 92, 25, 
Total distance: 4659.79
-----------------------------------------
/R1/r105.txt
Printing routes for 21 vehicles
1. route: 0, 59, 62, 18, 3, 80, 
2. route: 0, 92, 98, 38, 86, 43, 77, 
3. route: 0, 5, 15, 99, 46, 70, 
4. route: 0, 42, 12, 87, 96, 100, 
5. route: 0, 72, 21, 67, 56, 91, 
6. route: 0, 27, 29, 79, 9, 66, 89, 
7. route: 0, 33, 65, 51, 50, 17, 
8. route: 0, 28, 11, 90, 10, 68, 
9. route: 0, 45, 44, 40, 26, 60, 
10. route: 0, 95, 23, 22, 41, 54, 
11. route: 0, 14, 75, 53, 55, 
12. route: 0, 39, 76, 81, 20, 48, 
13. route: 0, 63, 64, 8, 97, 93, 
14. route: 0, 83, 30, 78, 32, 
15. route: 0, 2, 88, 49, 1, 
16. route: 0, 31, 16, 84, 4, 
17. route: 0, 69, 19, 6, 24, 
18. route: 0, 36, 7, 85, 74, 
19. route: 0, 47, 61, 94, 37, 25, 
20. route: 0, 52, 71, 34, 35, 58, 
21. route: 0, 82, 73, 57, 13, 
Total distance: 2907.55
-----------------------------------------
/R1/r106.txt
Printing routes for 21 vehicles
1. route: 0, 1, 98, 87, 41, 24, 
2. route: 0, 2, 42, 44, 86, 46, 93, 
3. route: 0, 3, 62, 79, 74, 
4. route: 0, 5, 45, 88, 49, 100, 
5. route: 0, 7, 63, 19, 84, 89, 
6. route: 0, 12, 96, 61, 6, 55, 
7. route: 0, 21, 28, 16, 56, 
8. route: 0, 26, 94, 30, 9, 13, 
9. route: 0, 31, 33, 71, 90, 60, 
10. route: 0, 34, 65, 81, 35, 
11. route: 0, 37, 69, 51, 10, 70, 
12. route: 0, 48, 11, 18, 66, 
13. route: 0, 50, 27, 64, 32, 58, 
14. route: 0, 52, 95, 76, 78, 4, 
15. route: 0, 59, 92, 23, 67, 54, 
16. route: 0, 72, 39, 73, 22, 57, 25, 
17. route: 0, 75, 29, 53, 17, 
18. route: 0, 82, 36, 99, 68, 
19. route: 0, 83, 14, 40, 97, 77, 
20. route: 0, 85, 47, 8, 20, 
21. route: 0, 91, 15, 38, 43, 80, 
Total distance: 2936.82
-----------------------------------------
/R2/r201.txt
Printing routes for 8 vehicles
1. route: 0, 59, 63, 2, 29, 75, 67, 18, 22, 34, 96, 74, 89, 58, 
2. route: 0, 92, 36, 28, 98, 44, 76, 85, 8, 57, 10, 43, 60, 25, 
3. route: 0, 42, 33, 31, 11, 71, 73, 78, 81, 94, 20, 55, 13, 70, 
4. route: 0, 45, 65, 15, 30, 38, 90, 49, 26, 54, 1, 93, 
5. route: 0, 72, 47, 62, 64, 19, 7, 79, 53, 3, 37, 4, 91, 80, 
6. route: 0, 14, 95, 69, 23, 88, 51, 41, 87, 50, 97, 35, 48, 
7. route: 0, 39, 83, 82, 21, 16, 99, 86, 6, 46, 66, 32, 17, 77, 
8. route: 0, 5, 27, 52, 12, 61, 40, 9, 84, 56, 68, 24, 100, 
Total distance: 3716.53
-----------------------------------------
/R2/r202.txt
Printing routes for 8 vehicles
1. route: 0, 1, 37, 94, 42, 36, 64, 16, 40, 8, 49, 55, 13, 25, 
2. route: 0, 2, 48, 96, 33, 15, 88, 51, 9, 84, 43, 24, 77, 
3. route: 0, 3, 72, 95, 14, 27, 44, 67, 79, 53, 56, 4, 70, 
4. route: 0, 5, 52, 82, 98, 65, 71, 73, 86, 6, 10, 54, 17, 58, 
5. route: 0, 7, 59, 91, 92, 45, 69, 23, 76, 18, 22, 66, 74, 100, 
6. route: 0, 12, 34, 83, 47, 62, 30, 38, 41, 87, 20, 32, 89, 
7. route: 0, 21, 50, 85, 63, 29, 61, 78, 81, 46, 68, 60, 80, 
8. route: 0, 26, 31, 75, 39, 28, 11, 19, 99, 90, 57, 97, 35, 93, 
Total distance: 3491.62
-----------------------------------------
/R2/r203.txt
Printing routes for 14 vehicles
1. route: 0, 1, 31, 59, 83, 98, 69, 38, 10, 77, 
2. route: 0, 2, 34, 85, 44, 53, 17, 
3. route: 0, 3, 47, 86, 15, 40, 66, 58, 
4. route: 0, 5, 43, 73, 96, 62, 99, 56, 80, 
5. route: 0, 7, 46, 61, 89, 42, 30, 6, 70, 
6. route: 0, 12, 29, 60, 97, 33, 78, 55, 
7. route: 0, 14, 54, 91, 11, 9, 74, 
8. route: 0, 16, 48, 82, 90, 39, 79, 68, 
9. route: 0, 18, 32, 72, 36, 41, 4, 
10. route: 0, 19, 57, 95, 45, 88, 87, 100, 
11. route: 0, 20, 52, 81, 92, 76, 84, 93, 
12. route: 0, 21, 37, 71, 65, 64, 22, 13, 
13. route: 0, 24, 51, 75, 27, 67, 49, 25, 
14. route: 0, 26, 28, 50, 63, 94, 23, 8, 35, 
Total distance: 3631.32
-----------------------------------------
/R2/r204.txt
Printing routes for 17 vehicles
1. route: 0, 1, 28, 45, 63, 90, 96, 55, 
2. route: 0, 2, 30, 59, 83, 97, 99, 
3. route: 0, 3, 34, 48, 75, 44, 25, 
4. route: 0, 5, 32, 60, 86, 69, 74, 
5. route: 0, 6, 26, 47, 66, 98, 13, 
6. route: 0, 7, 33, 54, 68, 81, 94, 84, 
7. route: 0, 10, 35, 56, 91, 53, 
8. route: 0, 12, 27, 46, 64, 89, 8, 
9. route: 0, 14, 42, 50, 73, 95, 76, 58, 
10. route: 0, 16, 37, 49, 78, 79, 
11. route: 0, 17, 40, 61, 80, 11, 100, 
12. route: 0, 18, 29, 57, 85, 92, 15, 4, 
13. route: 0, 19, 43, 70, 62, 87, 
14. route: 0, 20, 41, 71, 23, 77, 
15. route: 0, 21, 31, 51, 65, 88, 9, 
16. route: 0, 22, 36, 72, 38, 
17. route: 0, 24, 39, 52, 82, 93, 67, 
Total distance: 3617.54
-----------------------------------------
/R2/r205.txt
Printing routes for 5 vehicles
1. route: 0, 59, 42, 36, 28, 15, 21, 30, 76, 67, 18, 78, 41, 50, 56, 43, 4, 24, 25, 100, 
2. route: 0, 92, 45, 65, 69, 23, 71, 88, 99, 79, 8, 84, 49, 20, 96, 68, 35, 17, 77, 
3. route: 0, 5, 14, 47, 2, 29, 44, 19, 7, 40, 81, 9, 22, 3, 10, 97, 55, 74, 60, 48, 93, 
4. route: 0, 72, 39, 95, 27, 82, 52, 11, 64, 75, 38, 85, 86, 90, 6, 34, 26, 37, 32, 1, 89, 80, 
5. route: 0, 33, 63, 83, 31, 62, 98, 12, 16, 61, 73, 51, 87, 53, 94, 57, 46, 66, 54, 13, 91, 70, 58, 
Total distance: 3432.78
-----------------------------------------
/R2/r206.txt
Printing routes for 6 vehicles
1. route: 0, 1, 26, 52, 83, 94, 98, 14, 47, 15, 71, 99, 90, 53, 20, 54, 4, 13, 25, 93, 
2. route: 0, 2, 31, 72, 96, 39, 28, 11, 30, 76, 67, 18, 9, 49, 55, 17, 58, 
3. route: 0, 3, 48, 75, 33, 27, 62, 23, 61, 40, 86, 8, 6, 10, 43, 35, 80, 
4. route: 0, 5, 34, 91, 63, 69, 64, 16, 73, 79, 78, 22, 46, 68, 60, 89, 77, 
5. route: 0, 7, 37, 59, 82, 95, 45, 65, 44, 88, 51, 87, 41, 57, 56, 66, 74, 100, 
6. route: 0, 12, 21, 50, 85, 92, 42, 36, 29, 19, 38, 81, 84, 97, 32, 24, 70, 
Total distance: 3758.38
-----------------------------------------
/RC1/rc101.txt
Printing routes for 26 vehicles
1. route: 0, 65, 28, 34, 68, 
2. route: 0, 92, 12, 78, 6, 60, 
3. route: 0, 72, 44, 8, 1, 
4. route: 0, 42, 71, 41, 66, 
5. route: 0, 95, 23, 22, 96, 
6. route: 0, 14, 88, 79, 3, 100, 
7. route: 0, 83, 61, 53, 77, 
8. route: 0, 39, 67, 49, 58, 
9. route: 0, 45, 16, 10, 17, 
10. route: 0, 63, 21, 18, 50, 
11. route: 0, 5, 38, 37, 93, 
12. route: 0, 69, 19, 97, 
13. route: 0, 59, 76, 54, 
14. route: 0, 82, 75, 56, 
15. route: 0, 36, 7, 55, 
16. route: 0, 47, 73, 9, 4, 
17. route: 0, 98, 99, 87, 74, 25, 
18. route: 0, 2, 40, 43, 70, 
19. route: 0, 33, 29, 84, 24, 
20. route: 0, 52, 51, 20, 48, 
21. route: 0, 62, 30, 26, 91, 
22. route: 0, 64, 81, 46, 
23. route: 0, 15, 90, 35, 
24. route: 0, 11, 86, 57, 13, 
25. route: 0, 31, 85, 32, 80, 
26. route: 0, 27, 94, 89, 
Total distance: 3743.18
-----------------------------------------
/RC1/rc102.txt
Printing routes for 26 vehicles
1. route: 0, 1, 44, 46, 80, 
2. route: 0, 2, 15, 9, 4, 
3. route: 0, 3, 61, 53, 93, 
4. route: 0, 5, 88, 78, 13, 
5. route: 0, 7, 11, 87, 24, 
6. route: 0, 12, 64, 57, 77, 
7. route: 0, 21, 67, 55, 
8. route: 0, 26, 84, 89, 
9. route: 0, 31, 30, 20, 
10. route: 0, 34, 29, 49, 
11. route: 0, 37, 71, 41, 60, 
12. route: 0, 48, 19, 18, 66, 
13. route: 0, 50, 62, 76, 32, 
14. route: 0, 52, 47, 73, 6, 100, 
15. route: 0, 59, 23, 97, 
16. route: 0, 72, 36, 81, 54, 
17. route: 0, 75, 99, 74, 
18. route: 0, 82, 45, 79, 8, 70, 
19. route: 0, 83, 69, 38, 68, 
20. route: 0, 85, 27, 43, 
21. route: 0, 91, 42, 90, 17, 
22. route: 0, 94, 63, 51, 10, 
23. route: 0, 95, 33, 22, 25, 
24. route: 0, 96, 39, 40, 56, 
25. route: 0, 98, 14, 16, 86, 58, 
26. route: 0, 65, 92, 28, 35, 
Total distance: 3783.68
-----------------------------------------
/RC1/rc103.txt
Printing routes for 46 vehicles
1. route: 0, 1, 87, 
2. route: 0, 2, 15, 
3. route: 0, 3, 6, 
4. route: 0, 5, 49, 
5. route: 0, 7, 99, 
6. route: 0, 12, 23, 
7. route: 0, 14, 40, 
8. route: 0, 16, 56, 
9. route: 0, 18, 74, 
10. route: 0, 19, 84, 
11. route: 0, 20, 67, 
12. route: 0, 21, 55, 
13. route: 0, 24, 30, 
14. route: 0, 26, 80, 
15. route: 0, 28, 93, 
16. route: 0, 29, 58, 
17. route: 0, 31, 17, 
18. route: 0, 32, 77, 
19. route: 0, 34, 13, 
20. route: 0, 37, 10, 
21. route: 0, 43, 8, 
22. route: 0, 46, 78, 
23. route: 0, 47, 9, 
24. route: 0, 48, 4, 
25. route: 0, 50, 38, 
26. route: 0, 51, 88, 
27. route: 0, 52, 69, 100, 
28. route: 0, 54, 39, 68, 
29. route: 0, 57, 62, 
30. route: 0, 59, 66, 
31. route: 0, 60, 45, 
32. route: 0, 61, 42, 35, 
33. route: 0, 63, 22, 
34. route: 0, 71, 36, 
35. route: 0, 72, 64, 
36. route: 0, 73, 41, 
37. route: 0, 75, 70, 
38. route: 0, 81, 96, 33, 
39. route: 0, 82, 98, 44, 
40. route: 0, 83, 65, 53, 
41. route: 0, 85, 76, 
42. route: 0, 86, 11, 
43. route: 0, 89, 25, 
44. route: 0, 90, 95, 79, 
45. route: 0, 91, 97, 
46. route: 0, 94, 92, 27, 
Total distance: 5283.24
-----------------------------------------
/RC1/rc104.txt
Printing routes for 66 vehicles
1. route: 0, 1, 
2. route: 0, 2, 99, 
3. route: 0, 3, 
4. route: 0, 5, 
5. route: 0, 6, 53, 
6. route: 0, 7, 100, 
7. route: 0, 10, 79, 
8. route: 0, 12, 8, 
9. route: 0, 14, 
10. route: 0, 16, 
11. route: 0, 17, 
12. route: 0, 18, 
13. route: 0, 19, 
14. route: 0, 20, 13, 
15. route: 0, 21, 
16. route: 0, 22, 74, 
17. route: 0, 24, 77, 
18. route: 0, 26, 
19. route: 0, 27, 
20. route: 0, 28, 
21. route: 0, 29, 
22. route: 0, 30, 
23. route: 0, 31, 
24. route: 0, 32, 
25. route: 0, 33, 
26. route: 0, 34, 
27. route: 0, 35, 
28. route: 0, 36, 
29. route: 0, 37, 
30. route: 0, 39, 
31. route: 0, 40, 
32. route: 0, 41, 76, 
33. route: 0, 42, 55, 
34. route: 0, 43, 
35. route: 0, 45, 
36. route: 0, 46, 
37. route: 0, 47, 
38. route: 0, 48, 
39. route: 0, 49, 
40. route: 0, 50, 25, 
41. route: 0, 51, 4, 
42. route: 0, 52, 11, 
43. route: 0, 54, 98, 
44. route: 0, 56, 92, 
45. route: 0, 57, 23, 
46. route: 0, 59, 
47. route: 0, 60, 67, 
48. route: 0, 61, 96, 
49. route: 0, 63, 
50. route: 0, 64, 15, 
51. route: 0, 65, 91, 58, 
52. route: 0, 66, 94, 
53. route: 0, 68, 90, 84, 
54. route: 0, 70, 62, 
55. route: 0, 71, 44, 
56. route: 0, 72, 38, 
57. route: 0, 73, 
58. route: 0, 75, 
59. route: 0, 78, 9, 
60. route: 0, 80, 89, 
61. route: 0, 81, 93, 
62. route: 0, 82, 95, 
63. route: 0, 83, 69, 
64. route: 0, 85, 
65. route: 0, 86, 87, 
66. route: 0, 88, 97, 
Total distance: 5813.12
-----------------------------------------
/RC2/rc201.txt
Printing routes for 7 vehicles
1. route: 0, 65, 36, 28, 15, 16, 88, 99, 18, 87, 53, 6, 26, 68, 17, 25, 
2. route: 0, 92, 72, 83, 31, 23, 19, 61, 51, 90, 22, 84, 50, 20, 43, 1, 91, 100, 
3. route: 0, 42, 39, 27, 98, 75, 73, 85, 94, 3, 97, 32, 58, 
4. route: 0, 14, 5, 2, 52, 44, 76, 86, 8, 34, 66, 13, 60, 77, 
5. route: 0, 45, 33, 62, 11, 30, 40, 78, 49, 37, 74, 48, 93, 
6. route: 0, 63, 95, 82, 64, 21, 12, 38, 79, 41, 46, 96, 54, 4, 24, 70, 
7. route: 0, 59, 47, 69, 29, 71, 67, 7, 81, 9, 57, 10, 56, 55, 35, 89, 80, 
Total distance: 4672.22
-----------------------------------------
/RC2/rc202.txt
Printing routes for 12 vehicles
1. route: 0, 1, 72, 42, 69, 71, 51, 53, 43, 89, 
2. route: 0, 2, 50, 47, 88, 87, 46, 74, 100, 
3. route: 0, 3, 75, 15, 16, 79, 57, 68, 25, 
4. route: 0, 5, 82, 63, 64, 76, 90, 10, 13, 80, 
5. route: 0, 7, 59, 33, 67, 78, 20, 35, 
6. route: 0, 12, 52, 98, 36, 44, 73, 8, 97, 24, 
7. route: 0, 21, 85, 65, 62, 30, 40, 41, 66, 17, 
8. route: 0, 26, 96, 28, 19, 86, 84, 54, 58, 
9. route: 0, 31, 95, 14, 23, 38, 9, 55, 77, 
10. route: 0, 34, 94, 92, 39, 11, 99, 22, 56, 60, 
11. route: 0, 37, 83, 27, 61, 81, 49, 4, 70, 
12. route: 0, 48, 91, 45, 29, 18, 6, 32, 93, 
Total distance: 4716.75
-----------------------------------------
/RC2/rc203.txt
Printing routes for 20 vehicles
1. route: 0, 1, 52, 65, 11, 49, 
2. route: 0, 2, 43, 89, 9, 93, 
3. route: 0, 3, 54, 95, 15, 6, 
4. route: 0, 5, 59, 69, 8, 25, 
5. route: 0, 7, 50, 27, 40, 35, 
6. route: 0, 12, 46, 90, 64, 84, 
7. route: 0, 14, 51, 39, 53, 70, 
8. route: 0, 16, 61, 42, 44, 56, 
9. route: 0, 18, 71, 33, 78, 58, 
10. route: 0, 19, 57, 86, 94, 38, 74, 
11. route: 0, 20, 47, 98, 23, 10, 
12. route: 0, 21, 63, 91, 62, 22, 100, 
13. route: 0, 24, 48, 83, 96, 30, 66, 
14. route: 0, 26, 85, 92, 67, 68, 
15. route: 0, 28, 82, 88, 55, 
16. route: 0, 29, 81, 36, 87, 77, 
17. route: 0, 31, 73, 79, 17, 
18. route: 0, 32, 75, 99, 13, 
19. route: 0, 34, 72, 97, 41, 80, 
20. route: 0, 37, 60, 45, 76, 4, 
Total distance: 4727.94
-----------------------------------------
/RC2/rc204.txt
Printing routes for 30 vehicles
1. route: 0, 1, 51, 99, 
2. route: 0, 2, 40, 82, 25, 
3. route: 0, 3, 52, 69, 
4. route: 0, 5, 56, 15, 
5. route: 0, 6, 43, 86, 
6. route: 0, 7, 48, 87, 
7. route: 0, 10, 41, 97, 
8. route: 0, 12, 42, 96, 77, 
9. route: 0, 14, 49, 93, 
10. route: 0, 16, 60, 81, 79, 
11. route: 0, 17, 57, 88, 55, 
12. route: 0, 18, 65, 89, 100, 
13. route: 0, 19, 54, 92, 84, 
14. route: 0, 20, 46, 11, 
15. route: 0, 21, 64, 83, 95, 53, 
16. route: 0, 22, 45, 44, 
17. route: 0, 24, 47, 90, 13, 
18. route: 0, 26, 80, 38, 
19. route: 0, 27, 78, 
20. route: 0, 28, 75, 
21. route: 0, 29, 73, 
22. route: 0, 30, 72, 62, 
23. route: 0, 31, 68, 23, 
24. route: 0, 32, 70, 8, 
25. route: 0, 33, 71, 94, 67, 
26. route: 0, 34, 66, 98, 4, 
27. route: 0, 35, 63, 76, 
28. route: 0, 36, 61, 85, 58, 
29. route: 0, 37, 59, 74, 
30. route: 0, 39, 50, 91, 9, 
Total distance: 5339.58
-----------------------------------------
COST: 286352
Program ran for 0.305886 seconds.
